car -1 -1 2.07 167.05 202.43 352.12 295.08 -1 -1 -1 -1000 -1000 -1000 1.77 0.99999392
car -1 -1 2.09 312.63 193.39 428.61 259.81 -1 -1 -1 -1000 -1000 -1000 1.80 0.99998379
car -1 -1 -1.96 693.83 177.00 817.41 254.61 -1 -1 -1 -1000 -1000 -1000 -1.78 0.99995959
car -1 -1 1.77 407.33 178.44 486.27 231.75 -1 -1 -1 -1000 -1000 -1000 1.56 0.99993479
car -1 -1 0.79 555.22 179.75 581.77 199.45 -1 -1 -1 -1000 -1000 -1000 0.67 0.99982351
car -1 -1 1.24 525.30 180.14 548.95 199.17 -1 -1 -1 -1000 -1000 -1000 1.07 0.99847311
car -1 -1 -1.21 633.69 178.43 657.20 195.13 -1 -1 -1 -1000 -1000 -1000 -1.13 0.80923170
car -1 -1 0.58 682.94 171.91 747.59 197.62 -1 -1 -1 -1000 -1000 -1000 0.20 0.37913203
car -1 -1 1.41 482.66 180.59 521.74 207.73 -1 -1 -1 -1000 -1000 -1000 1.27 0.20271204
car -1 -1 -0.40 1221.98 149.45 1240.66 189.75 -1 -1 -1 -1000 -1000 -1000 -0.29 0.07916676
