car -1 -1 -1.98 696.50 191.44 804.30 259.76 -1 -1 -1 -1000 -1000 -1000 -1.84 0.99999309
car -1 -1 -1.11 152.11 187.47 315.06 265.01 -1 -1 -1 -1000 -1000 -1000 -1.13 0.99998641
car -1 -1 -1.82 646.68 180.60 687.81 212.51 -1 -1 -1 -1000 -1000 -1000 -1.73 0.99997747
car -1 -1 -1.59 370.57 183.66 495.41 269.47 -1 -1 -1 -1000 -1000 -1000 -1.53 0.99997389
car -1 -1 1.43 0.00 196.04 304.85 375.50 -1 -1 -1 -1000 -1000 -1000 1.18 0.99996531
car -1 -1 -0.16 439.48 182.73 522.42 235.91 -1 -1 -1 -1000 -1000 -1000 -0.16 0.99993038
car -1 -1 -1.73 586.46 180.10 613.19 202.56 -1 -1 -1 -1000 -1000 -1000 -1.61 0.99913114
car -1 -1 -1.55 342.13 185.40 397.07 227.44 -1 -1 -1 -1000 -1000 -1000 -1.45 0.99843079
car -1 -1 -0.47 488.29 180.39 533.23 212.97 -1 -1 -1 -1000 -1000 -1000 -0.48 0.99306947
car -1 -1 -0.72 524.92 187.07 550.86 208.17 -1 -1 -1 -1000 -1000 -1000 -0.66 0.37900156
