car -1 -1 -1.85 541.55 179.94 620.95 248.06 -1 -1 -1 -1000 -1000 -1000 -1.72 0.99999058
car -1 -1 -1.81 443.46 179.65 501.64 228.72 -1 -1 -1 -1000 -1000 -1000 -1.72 0.99998701
car -1 -1 -1.60 250.89 184.56 352.15 238.55 -1 -1 -1 -1000 -1000 -1000 -1.55 0.99996972
car -1 -1 -1.39 87.71 190.78 283.71 289.16 -1 -1 -1 -1000 -1000 -1000 -1.36 0.99994481
car -1 -1 -1.39 349.20 183.34 399.48 219.21 -1 -1 -1 -1000 -1000 -1000 -1.33 0.99989963
car -1 -1 -1.65 509.05 180.81 531.57 200.12 -1 -1 -1 -1000 -1000 -1000 -1.53 0.99865592
car -1 -1 -0.05 225.65 172.52 304.71 219.26 -1 -1 -1 -1000 -1000 -1000 -0.13 0.99833953
car -1 -1 -1.36 376.19 180.33 425.26 210.73 -1 -1 -1 -1000 -1000 -1000 -1.24 0.96835726
car -1 -1 1.83 0.00 196.93 84.08 350.97 -1 -1 -1 -1000 -1000 -1000 1.51 0.93742126
car -1 -1 0.15 141.80 191.15 208.59 234.82 -1 -1 -1 -1000 -1000 -1000 0.06 0.75096911
