car -1 -1 2.21 1.69 206.70 284.23 359.53 -1 -1 -1 -1000 -1000 -1000 1.88 0.99999475
car -1 -1 -1.80 708.67 172.94 800.63 243.92 -1 -1 -1 -1000 -1000 -1000 -1.63 0.99999416
car -1 -1 2.16 244.37 193.95 397.71 278.81 -1 -1 -1 -1000 -1000 -1000 1.85 0.99997139
car -1 -1 1.93 379.42 188.22 468.21 243.21 -1 -1 -1 -1000 -1000 -1000 1.68 0.99996626
car -1 -1 1.86 479.95 185.21 524.55 214.40 -1 -1 -1 -1000 -1000 -1000 1.62 0.99991524
car -1 -1 1.85 436.90 188.19 491.53 230.32 -1 -1 -1 -1000 -1000 -1000 1.61 0.99983275
car -1 -1 1.93 1018.82 130.56 1241.69 239.92 -1 -1 -1 -1000 -1000 -1000 1.97 0.99956006
car -1 -1 -1.46 656.87 176.78 711.52 214.42 -1 -1 -1 -1000 -1000 -1000 -1.39 0.99735165
car -1 -1 -1.53 681.34 176.94 751.60 226.98 -1 -1 -1 -1000 -1000 -1000 -1.42 0.99623895
car -1 -1 1.46 892.94 151.81 1086.13 224.14 -1 -1 -1 -1000 -1000 -1000 1.29 0.97970366
car -1 -1 1.64 516.81 179.82 545.11 201.29 -1 -1 -1 -1000 -1000 -1000 1.44 0.85871279
car -1 -1 -1.47 583.93 172.14 615.96 189.91 -1 -1 -1 -1000 -1000 -1000 -1.38 0.72032487
