car -1 -1 -1.26 37.74 194.31 396.87 374.84 -1 -1 -1 -1000 -1000 -1000 -1.25 0.99999607
car -1 -1 -1.93 703.02 193.06 799.66 265.65 -1 -1 -1 -1000 -1000 -1000 -1.79 0.99999523
car -1 -1 -1.76 649.20 182.63 691.80 218.82 -1 -1 -1 -1000 -1000 -1000 -1.68 0.99999082
car -1 -1 -1.61 404.64 186.15 507.23 252.61 -1 -1 -1 -1000 -1000 -1000 -1.57 0.99998736
car -1 -1 -1.60 366.06 186.58 429.36 226.61 -1 -1 -1 -1000 -1000 -1000 -1.54 0.99994695
car -1 -1 -0.46 460.82 187.34 524.84 232.85 -1 -1 -1 -1000 -1000 -1000 -0.43 0.99977714
car -1 -1 -1.63 586.35 186.04 611.29 206.42 -1 -1 -1 -1000 -1000 -1000 -1.54 0.99642462
car -1 -1 1.15 212.78 193.05 343.22 238.58 -1 -1 -1 -1000 -1000 -1000 0.97 0.26878214
car -1 -1 0.98 497.94 186.82 536.94 216.12 -1 -1 -1 -1000 -1000 -1000 0.91 0.23125581
car -1 -1 1.09 526.49 185.92 552.19 208.15 -1 -1 -1 -1000 -1000 -1000 0.98 0.15040921
