car -1 -1 2.24 0.41 209.82 212.10 374.50 -1 -1 -1 -1000 -1000 -1000 1.89 0.99998784
car -1 -1 2.14 243.90 175.70 397.46 272.11 -1 -1 -1 -1000 -1000 -1000 1.86 0.99998665
car -1 -1 1.95 354.73 180.23 446.98 237.27 -1 -1 -1 -1000 -1000 -1000 1.71 0.99998498
car -1 -1 2.16 688.37 170.17 778.09 195.41 -1 -1 -1 -1000 -1000 -1000 1.89 0.99997377
car -1 -1 1.74 443.05 183.51 492.91 212.55 -1 -1 -1 -1000 -1000 -1000 1.53 0.99993742
car -1 -1 -1.82 789.22 178.86 1230.72 370.70 -1 -1 -1 -1000 -1000 -1000 -1.57 0.99992669
car -1 -1 1.72 529.42 179.32 563.51 203.89 -1 -1 -1 -1000 -1000 -1000 1.51 0.99992108
car -1 -1 -1.42 632.49 174.10 658.49 193.21 -1 -1 -1 -1000 -1000 -1000 -1.34 0.99981946
car -1 -1 1.68 498.09 179.50 529.41 201.61 -1 -1 -1 -1000 -1000 -1000 1.47 0.99576676
car -1 -1 0.81 965.73 156.39 1191.42 236.04 -1 -1 -1 -1000 -1000 -1000 0.85 0.19253175
