car -1 -1 -1.84 769.19 173.98 1101.15 374.50 -1 -1 -1 -1000 -1000 -1000 -1.64 0.99999464
car -1 -1 2.19 11.98 205.41 284.40 344.74 -1 -1 -1 -1000 -1000 -1000 1.86 0.99998319
car -1 -1 1.94 376.78 176.96 466.98 233.35 -1 -1 -1 -1000 -1000 -1000 1.68 0.99997282
car -1 -1 2.06 296.60 176.93 423.04 254.55 -1 -1 -1 -1000 -1000 -1000 1.78 0.99996519
car -1 -1 2.15 691.00 170.73 772.93 194.55 -1 -1 -1 -1000 -1000 -1000 1.90 0.99986684
car -1 -1 -1.49 635.27 175.79 660.39 194.54 -1 -1 -1 -1000 -1000 -1000 -1.43 0.99976450
car -1 -1 1.77 539.24 180.10 570.55 202.99 -1 -1 -1 -1000 -1000 -1000 1.55 0.99970055
car -1 -1 1.75 507.95 181.04 538.02 201.74 -1 -1 -1 -1000 -1000 -1000 1.53 0.99955398
car -1 -1 1.42 449.81 180.86 501.23 211.24 -1 -1 -1 -1000 -1000 -1000 1.25 0.99927753
car -1 -1 -0.05 936.65 156.67 1086.71 195.74 -1 -1 -1 -1000 -1000 -1000 -0.10 0.09748673
