car -1 -1 2.19 0.00 217.18 356.75 374.50 -1 -1 -1 -1000 -1000 -1000 1.87 0.99999273
car -1 -1 -1.70 665.64 179.43 732.92 234.22 -1 -1 -1 -1000 -1000 -1000 -1.59 0.99996173
car -1 -1 1.96 828.94 150.02 1127.98 236.39 -1 -1 -1 -1000 -1000 -1000 1.87 0.99994802
car -1 -1 1.93 269.13 195.31 385.59 273.68 -1 -1 -1 -1000 -1000 -1000 1.67 0.99994206
car -1 -1 1.80 467.24 185.03 512.51 214.07 -1 -1 -1 -1000 -1000 -1000 1.58 0.99990547
car -1 -1 -0.76 401.21 185.05 473.50 232.68 -1 -1 -1 -1000 -1000 -1000 -0.76 0.99985945
car -1 -1 1.32 771.30 161.46 915.04 211.44 -1 -1 -1 -1000 -1000 -1000 1.03 0.98426443
car -1 -1 0.91 689.98 167.58 769.84 200.19 -1 -1 -1 -1000 -1000 -1000 0.71 0.63166267
car -1 -1 -0.36 990.73 157.75 1098.00 201.00 -1 -1 -1 -1000 -1000 -1000 0.03 0.48142129
car -1 -1 -0.77 1064.40 149.34 1147.67 187.28 -1 -1 -1 -1000 -1000 -1000 -0.60 0.22141363
