car -1 -1 2.23 66.59 203.19 303.31 328.30 -1 -1 -1 -1000 -1000 -1000 1.92 0.99999595
car -1 -1 -1.93 705.22 173.62 849.94 264.15 -1 -1 -1 -1000 -1000 -1000 -1.77 0.99999106
car -1 -1 2.12 265.44 196.80 412.60 273.30 -1 -1 -1 -1000 -1000 -1000 1.81 0.99998355
car -1 -1 1.85 387.02 178.05 475.81 232.71 -1 -1 -1 -1000 -1000 -1000 1.65 0.99995589
car -1 -1 1.92 435.80 176.36 501.02 220.45 -1 -1 -1 -1000 -1000 -1000 1.69 0.99993992
car -1 -1 1.69 557.80 178.28 583.25 198.23 -1 -1 -1 -1000 -1000 -1000 1.49 0.99990141
car -1 -1 0.76 523.89 180.27 550.08 199.36 -1 -1 -1 -1000 -1000 -1000 0.62 0.99946266
car -1 -1 -1.34 637.12 176.32 661.31 194.87 -1 -1 -1 -1000 -1000 -1000 -1.28 0.99581462
car -1 -1 1.28 689.77 170.94 758.53 199.42 -1 -1 -1 -1000 -1000 -1000 0.87 0.96263629
car -1 -1 1.35 478.72 181.80 519.17 211.36 -1 -1 -1 -1000 -1000 -1000 1.23 0.42100787
car -1 -1 -1.55 695.17 178.31 762.35 240.72 -1 -1 -1 -1000 -1000 -1000 -1.40 0.34037340
