car -1 -1 -1.88 732.08 175.58 885.15 277.65 -1 -1 -1 -1000 -1000 -1000 -1.69 0.99999380
car -1 -1 2.25 62.47 200.42 324.67 327.05 -1 -1 -1 -1000 -1000 -1000 1.92 0.99999249
car -1 -1 -1.73 702.15 174.93 790.05 241.40 -1 -1 -1 -1000 -1000 -1000 -1.61 0.99999011
car -1 -1 2.03 395.11 185.11 475.73 237.37 -1 -1 -1 -1000 -1000 -1000 1.76 0.99998188
car -1 -1 2.04 317.95 188.83 441.85 259.81 -1 -1 -1 -1000 -1000 -1000 1.78 0.99997342
car -1 -1 -1.43 669.97 176.20 727.67 219.02 -1 -1 -1 -1000 -1000 -1000 -1.36 0.99997008
car -1 -1 1.93 456.83 184.90 516.13 220.26 -1 -1 -1 -1000 -1000 -1000 1.67 0.99995589
car -1 -1 -1.76 575.66 173.36 609.79 193.37 -1 -1 -1 -1000 -1000 -1000 -1.64 0.99992216
car -1 -1 1.86 1025.29 139.26 1241.69 243.63 -1 -1 -1 -1000 -1000 -1000 1.83 0.99991453
car -1 -1 -1.46 647.70 179.57 695.09 207.01 -1 -1 -1 -1000 -1000 -1000 -1.33 0.99901736
car -1 -1 -0.28 1176.43 141.28 1234.28 267.75 -1 -1 -1 -1000 -1000 -1000 -0.05 0.99845409
car -1 -1 2.03 0.00 221.60 51.55 363.15 -1 -1 -1 -1000 -1000 -1000 1.68 0.99821943
car -1 -1 1.66 508.65 176.98 544.13 201.67 -1 -1 -1 -1000 -1000 -1000 1.46 0.99237192
car -1 -1 1.32 960.98 153.89 1116.62 229.36 -1 -1 -1 -1000 -1000 -1000 1.24 0.91886461
