car -1 -1 -1.95 544.37 185.11 681.57 274.21 -1 -1 -1 -1000 -1000 -1000 -1.83 0.99999201
car -1 -1 -1.84 439.82 179.91 496.53 220.30 -1 -1 -1 -1000 -1000 -1000 -1.73 0.99996388
car -1 -1 1.89 255.97 182.46 299.59 214.47 -1 -1 -1 -1000 -1000 -1000 1.66 0.99995613
car -1 -1 1.87 0.00 212.58 119.30 374.50 -1 -1 -1 -1000 -1000 -1000 1.61 0.99945909
car -1 -1 -1.76 705.76 154.43 1017.98 363.85 -1 -1 -1 -1000 -1000 -1000 -1.47 0.98896432
car -1 -1 0.12 28.33 187.51 136.04 226.62 -1 -1 -1 -1000 -1000 -1000 0.12 0.98872536
car -1 -1 1.80 609.70 166.31 714.32 209.07 -1 -1 -1 -1000 -1000 -1000 1.49 0.94983280
car -1 -1 -1.11 1124.50 130.45 1236.09 250.75 -1 -1 -1 -1000 -1000 -1000 -0.88 0.47010377
car -1 -1 -1.91 874.35 140.68 1197.61 367.04 -1 -1 -1 -1000 -1000 -1000 -1.60 0.42413110
car -1 -1 1.37 33.39 204.97 188.30 304.01 -1 -1 -1 -1000 -1000 -1000 1.22 0.08338390
