car -1 -1 2.32 0.00 201.41 250.42 373.87 -1 -1 -1 -1000 -1000 -1000 1.95 0.99999726
car -1 -1 2.05 315.90 190.93 421.13 261.13 -1 -1 -1 -1000 -1000 -1000 1.77 0.99997878
car -1 -1 2.01 448.63 185.24 502.43 221.26 -1 -1 -1 -1000 -1000 -1000 1.75 0.99997783
car -1 -1 2.21 196.26 198.19 370.15 294.26 -1 -1 -1 -1000 -1000 -1000 1.90 0.99997413
car -1 -1 1.90 391.00 186.39 466.60 234.35 -1 -1 -1 -1000 -1000 -1000 1.66 0.99994934
car -1 -1 2.39 826.50 148.64 1015.38 207.18 -1 -1 -1 -1000 -1000 -1000 2.14 0.99990916
car -1 -1 -1.40 655.53 175.33 732.02 211.42 -1 -1 -1 -1000 -1000 -1000 -1.29 0.99988246
car -1 -1 -0.33 1133.99 128.25 1240.52 174.52 -1 -1 -1 -1000 -1000 -1000 -0.07 0.99170375
car -1 -1 1.49 758.51 155.04 899.85 200.12 -1 -1 -1 -1000 -1000 -1000 0.98 0.49479938
car -1 -1 -0.01 1212.80 126.38 1240.99 173.29 -1 -1 -1 -1000 -1000 -1000 0.29 0.13685216
car -1 -1 -0.32 1213.87 21.92 1241.56 73.69 -1 -1 -1 -1000 -1000 -1000 -0.13 0.12057786
