car -1 -1 -1.62 1056.59 187.65 1241.20 371.28 -1 -1 -1 -1000 -1000 -1000 -1.31 0.99996674
car -1 -1 -1.76 642.73 185.70 672.90 210.95 -1 -1 -1 -1000 -1000 -1000 -1.65 0.99992001
car -1 -1 -0.09 368.67 181.79 488.91 235.28 -1 -1 -1 -1000 -1000 -1000 0.29 0.99991930
car -1 -1 -1.40 133.98 188.25 451.85 265.89 -1 -1 -1 -1000 -1000 -1000 -0.42 0.99989450
car -1 -1 -0.77 704.44 184.83 790.33 220.17 -1 -1 -1 -1000 -1000 -1000 -0.70 0.99987566
car -1 -1 1.38 838.70 192.52 1205.42 291.84 -1 -1 -1 -1000 -1000 -1000 1.21 0.99978608
car -1 -1 -0.56 773.44 185.60 936.14 243.85 -1 -1 -1 -1000 -1000 -1000 -0.44 0.99963307
car -1 -1 -0.08 467.27 180.15 542.22 214.23 -1 -1 -1 -1000 -1000 -1000 -0.05 0.99534261
car -1 -1 0.32 16.14 147.43 229.57 364.76 -1 -1 -1 -1000 -1000 -1000 0.24 0.98777896
car -1 -1 0.63 575.00 179.71 595.50 196.54 -1 -1 -1 -1000 -1000 -1000 0.58 0.45917648
