car -1 -1 -1.97 747.52 184.58 1043.67 365.47 -1 -1 -1 -1000 -1000 -1000 -1.77 0.99999654
car -1 -1 -1.77 690.59 178.23 774.90 241.52 -1 -1 -1 -1000 -1000 -1000 -1.67 0.99998426
car -1 -1 1.94 427.11 186.62 516.87 249.10 -1 -1 -1 -1000 -1000 -1000 1.68 0.99997437
car -1 -1 2.05 369.41 184.06 474.70 271.51 -1 -1 -1 -1000 -1000 -1000 1.78 0.99995279
car -1 -1 -1.75 715.71 177.64 837.50 269.72 -1 -1 -1 -1000 -1000 -1000 -1.60 0.99992764
car -1 -1 1.95 180.36 201.76 432.97 358.76 -1 -1 -1 -1000 -1000 -1000 1.66 0.99992037
car -1 -1 2.09 0.00 218.01 286.14 372.95 -1 -1 -1 -1000 -1000 -1000 1.73 0.99985576
car -1 -1 -1.72 970.97 201.58 1241.69 372.08 -1 -1 -1 -1000 -1000 -1000 -1.46 0.99974900
car -1 -1 -1.61 648.62 178.27 683.24 206.06 -1 -1 -1 -1000 -1000 -1000 -1.49 0.99959189
car -1 -1 -1.60 599.83 178.53 629.79 199.99 -1 -1 -1 -1000 -1000 -1000 -1.50 0.99904794
