car -1 -1 2.24 26.97 207.36 308.64 344.78 -1 -1 -1 -1000 -1000 -1000 1.90 0.99999142
car -1 -1 2.17 241.43 198.20 386.72 284.65 -1 -1 -1 -1000 -1000 -1000 1.87 0.99999070
car -1 -1 -1.47 669.02 174.77 749.51 219.85 -1 -1 -1 -1000 -1000 -1000 -1.34 0.99998105
car -1 -1 2.08 353.48 190.58 446.64 249.04 -1 -1 -1 -1000 -1000 -1000 1.81 0.99998057
car -1 -1 1.99 427.30 188.32 491.60 228.96 -1 -1 -1 -1000 -1000 -1000 1.74 0.99996841
car -1 -1 2.35 860.91 139.16 1106.65 213.22 -1 -1 -1 -1000 -1000 -1000 2.08 0.99993825
car -1 -1 1.88 490.93 184.71 532.99 209.59 -1 -1 -1 -1000 -1000 -1000 1.62 0.99368638
car -1 -1 1.62 462.11 184.47 509.76 218.38 -1 -1 -1 -1000 -1000 -1000 1.42 0.95921504
car -1 -1 1.82 1.14 237.63 95.45 363.10 -1 -1 -1 -1000 -1000 -1000 1.52 0.71375042
car -1 -1 1.20 814.09 157.03 960.57 206.35 -1 -1 -1 -1000 -1000 -1000 0.68 0.42173764
