car -1 -1 -1.96 740.19 162.53 1011.65 346.21 -1 -1 -1 -1000 -1000 -1000 -1.76 0.99999237
car -1 -1 -1.73 678.04 173.01 753.04 233.87 -1 -1 -1 -1000 -1000 -1000 -1.64 0.99998403
car -1 -1 0.74 5.47 190.66 205.02 364.50 -1 -1 -1 -1000 -1000 -1000 1.10 0.99997854
car -1 -1 -1.66 653.05 171.50 700.50 211.38 -1 -1 -1 -1000 -1000 -1000 -1.58 0.99996948
car -1 -1 -1.79 701.68 178.39 805.34 270.16 -1 -1 -1 -1000 -1000 -1000 -1.66 0.99983156
car -1 -1 -0.59 200.56 175.39 413.19 261.76 -1 -1 -1 -1000 -1000 -1000 0.50 0.99943727
car -1 -1 -0.81 381.24 171.64 509.41 211.53 -1 -1 -1 -1000 -1000 -1000 -0.59 0.99932265
car -1 -1 -1.57 636.34 166.81 670.10 200.45 -1 -1 -1 -1000 -1000 -1000 -1.50 0.99885726
car -1 -1 -0.88 77.74 181.50 309.93 297.84 -1 -1 -1 -1000 -1000 -1000 0.17 0.96848565
car -1 -1 0.84 310.66 165.61 416.55 210.02 -1 -1 -1 -1000 -1000 -1000 0.77 0.08923682
