car -1 -1 2.27 0.00 214.79 194.43 374.50 -1 -1 -1 -1000 -1000 -1000 1.90 0.99999380
car -1 -1 -1.86 994.56 204.63 1240.22 374.43 -1 -1 -1 -1000 -1000 -1000 -1.56 0.99999106
car -1 -1 1.97 427.04 188.90 490.50 227.06 -1 -1 -1 -1000 -1000 -1000 1.71 0.99996746
car -1 -1 -1.37 151.74 196.50 238.24 230.80 -1 -1 -1 -1000 -1000 -1000 -1.35 0.99988663
car -1 -1 1.50 490.73 179.83 526.04 207.61 -1 -1 -1 -1000 -1000 -1000 1.30 0.99961311
car -1 -1 -1.67 647.60 173.07 696.76 209.74 -1 -1 -1 -1000 -1000 -1000 -1.54 0.99959379
car -1 -1 1.55 466.29 184.88 508.77 216.47 -1 -1 -1 -1000 -1000 -1000 1.37 0.99944931
car -1 -1 -1.20 616.57 173.01 667.61 197.03 -1 -1 -1 -1000 -1000 -1000 -1.12 0.99711108
car -1 -1 -1.23 221.12 196.11 291.66 228.62 -1 -1 -1 -1000 -1000 -1000 -0.97 0.99065369
car -1 -1 -1.28 71.68 209.69 133.94 238.55 -1 -1 -1 -1000 -1000 -1000 -1.06 0.17708419
