car -1 -1 -1.83 530.11 180.83 604.80 241.27 -1 -1 -1 -1000 -1000 -1000 -1.72 0.99999166
car -1 -1 -1.70 220.45 187.04 330.55 244.26 -1 -1 -1 -1000 -1000 -1000 -1.65 0.99997628
car -1 -1 -1.69 432.11 180.48 495.53 234.63 -1 -1 -1 -1000 -1000 -1000 -1.61 0.99997246
car -1 -1 -0.08 0.00 196.77 220.75 319.82 -1 -1 -1 -1000 -1000 -1000 -0.19 0.99994576
car -1 -1 -1.60 332.75 183.59 386.13 222.65 -1 -1 -1 -1000 -1000 -1000 -1.53 0.99990177
car -1 -1 -1.17 361.45 181.44 414.33 214.00 -1 -1 -1 -1000 -1000 -1000 -1.15 0.99983358
car -1 -1 -1.58 504.36 183.27 527.25 202.42 -1 -1 -1 -1000 -1000 -1000 -1.49 0.99928290
car -1 -1 -0.15 191.26 170.25 281.55 229.60 -1 -1 -1 -1000 -1000 -1000 -0.24 0.99887758
car -1 -1 -1.74 277.62 187.13 336.75 215.24 -1 -1 -1 -1000 -1000 -1000 -1.61 0.99650109
car -1 -1 -0.67 76.98 190.66 228.91 248.25 -1 -1 -1 -1000 -1000 -1000 -0.63 0.99445325
car -1 -1 -0.95 401.43 166.82 440.06 203.84 -1 -1 -1 -1000 -1000 -1000 -0.88 0.31414747
