car -1 -1 2.04 1.13 218.93 260.34 368.41 -1 -1 -1 -1000 -1000 -1000 1.72 0.99999297
car -1 -1 -1.90 706.16 195.83 944.61 333.64 -1 -1 -1 -1000 -1000 -1000 -1.72 0.99998903
car -1 -1 -1.91 587.85 187.47 649.20 236.51 -1 -1 -1 -1000 -1000 -1000 -1.79 0.99997103
car -1 -1 1.99 403.10 189.46 449.79 222.00 -1 -1 -1 -1000 -1000 -1000 1.73 0.99995255
car -1 -1 1.67 791.92 166.33 911.11 231.28 -1 -1 -1 -1000 -1000 -1000 1.56 0.99956959
car -1 -1 1.02 205.37 196.94 281.11 224.19 -1 -1 -1 -1000 -1000 -1000 0.86 0.99699926
car -1 -1 1.08 726.03 178.23 820.38 212.13 -1 -1 -1 -1000 -1000 -1000 0.75 0.99494946
car -1 -1 -1.35 1060.83 186.09 1237.00 369.85 -1 -1 -1 -1000 -1000 -1000 -1.07 0.97501624
car -1 -1 1.73 0.00 245.78 82.10 359.23 -1 -1 -1 -1000 -1000 -1000 1.42 0.33704084
car -1 -1 -0.46 1118.99 178.28 1239.20 268.51 -1 -1 -1 -1000 -1000 -1000 -0.23 0.26268935
