car -1 -1 -1.84 745.10 181.39 854.12 261.51 -1 -1 -1 -1000 -1000 -1000 -1.70 0.99999452
car -1 -1 -2.03 796.20 181.73 1005.74 309.41 -1 -1 -1 -1000 -1000 -1000 -1.83 0.99999142
car -1 -1 2.03 411.32 185.84 501.67 245.65 -1 -1 -1 -1000 -1000 -1000 1.78 0.99998140
car -1 -1 -2.02 943.45 192.01 1240.22 369.24 -1 -1 -1 -1000 -1000 -1000 -1.70 0.99996865
car -1 -1 -1.91 709.69 178.25 798.31 236.74 -1 -1 -1 -1000 -1000 -1000 -1.77 0.99996722
car -1 -1 1.94 469.79 182.72 533.33 226.95 -1 -1 -1 -1000 -1000 -1000 1.69 0.99994397
car -1 -1 1.90 502.68 185.50 547.12 215.14 -1 -1 -1 -1000 -1000 -1000 1.65 0.99974579
car -1 -1 1.82 549.31 176.21 585.21 201.12 -1 -1 -1 -1000 -1000 -1000 1.60 0.99967945
car -1 -1 -1.59 864.82 171.10 927.58 195.12 -1 -1 -1 -1000 -1000 -1000 -1.53 0.99929094
car -1 -1 -1.58 684.29 177.87 730.51 213.24 -1 -1 -1 -1000 -1000 -1000 -1.46 0.98967463
