car -1 -1 -1.36 157.04 184.35 310.29 257.04 -1 -1 -1 -1000 -1000 -1000 -1.39 0.99999058
car -1 -1 -1.84 524.91 180.99 589.82 235.28 -1 -1 -1 -1000 -1000 -1000 -1.74 0.99998736
car -1 -1 -1.68 422.82 178.14 492.33 238.96 -1 -1 -1 -1000 -1000 -1000 -1.59 0.99996555
car -1 -1 -1.50 314.44 185.15 378.63 226.20 -1 -1 -1 -1000 -1000 -1000 -1.45 0.99995351
car -1 -1 -1.46 353.83 182.77 407.69 215.83 -1 -1 -1 -1000 -1000 -1000 -1.41 0.99988461
car -1 -1 0.35 50.00 188.90 180.14 251.55 -1 -1 -1 -1000 -1000 -1000 0.17 0.99938822
car -1 -1 1.99 0.00 205.98 150.93 351.14 -1 -1 -1 -1000 -1000 -1000 1.66 0.99920815
car -1 -1 -1.37 395.34 168.09 435.31 206.55 -1 -1 -1 -1000 -1000 -1000 -1.30 0.98404551
car -1 -1 -1.47 503.32 182.70 528.66 202.13 -1 -1 -1 -1000 -1000 -1000 -1.36 0.98220533
car -1 -1 -1.46 269.48 185.58 320.50 222.04 -1 -1 -1 -1000 -1000 -1000 -1.33 0.12017912
