car -1 -1 -1.91 608.99 177.27 715.76 263.73 -1 -1 -1 -1000 -1000 -1000 -1.76 0.99999380
car -1 -1 -1.48 154.92 189.18 340.71 293.03 -1 -1 -1 -1000 -1000 -1000 -1.47 0.99998736
car -1 -1 -1.47 499.16 181.96 553.04 224.32 -1 -1 -1 -1000 -1000 -1000 -1.38 0.99996173
car -1 -1 -0.93 66.55 166.92 248.86 258.05 -1 -1 -1 -1000 -1000 -1000 -0.93 0.99993789
car -1 -1 -1.51 418.69 185.74 461.76 213.05 -1 -1 -1 -1000 -1000 -1000 -1.42 0.99962711
car -1 -1 -1.56 361.61 187.63 435.12 225.90 -1 -1 -1 -1000 -1000 -1000 -1.50 0.99958760
car -1 -1 2.10 1.45 229.10 94.84 368.36 -1 -1 -1 -1000 -1000 -1000 1.70 0.99922776
car -1 -1 -1.64 293.80 185.88 403.45 246.97 -1 -1 -1 -1000 -1000 -1000 -1.55 0.99853921
car -1 -1 -1.72 257.85 187.72 339.28 231.30 -1 -1 -1 -1000 -1000 -1000 -1.56 0.99525213
car -1 -1 -1.29 546.02 181.74 569.44 202.45 -1 -1 -1 -1000 -1000 -1000 -1.18 0.67151278
