car -1 -1 -0.16 0.00 191.64 297.53 374.43 -1 -1 -1 -1000 -1000 -1000 -0.31 0.99999273
car -1 -1 -1.60 334.14 179.60 462.71 263.51 -1 -1 -1 -1000 -1000 -1000 -1.55 0.99998903
car -1 -1 -1.78 581.18 179.44 666.51 247.90 -1 -1 -1 -1000 -1000 -1000 -1.68 0.99996746
car -1 -1 -1.32 189.64 182.36 288.18 231.56 -1 -1 -1 -1000 -1000 -1000 -1.25 0.99933040
car -1 -1 1.54 174.20 175.93 220.71 202.22 -1 -1 -1 -1000 -1000 -1000 1.29 0.99791330
car -1 -1 0.74 29.64 184.17 237.67 268.61 -1 -1 -1 -1000 -1000 -1000 0.54 0.61598188
car -1 -1 1.71 37.88 178.38 145.40 217.06 -1 -1 -1 -1000 -1000 -1000 1.40 0.56967205
car -1 -1 -0.63 678.56 181.72 713.68 201.35 -1 -1 -1 -1000 -1000 -1000 -0.66 0.28183052
car -1 -1 0.11 383.37 179.50 435.57 210.11 -1 -1 -1 -1000 -1000 -1000 0.08 0.21041951
car -1 -1 -0.73 484.32 169.96 545.82 203.25 -1 -1 -1 -1000 -1000 -1000 -0.60 0.18755241
