car -1 -1 -1.77 725.68 177.92 826.53 249.42 -1 -1 -1 -1000 -1000 -1000 -1.67 0.99999630
car -1 -1 -1.94 759.42 179.57 927.77 285.01 -1 -1 -1 -1000 -1000 -1000 -1.79 0.99999392
car -1 -1 -1.95 854.95 178.30 1224.37 374.50 -1 -1 -1 -1000 -1000 -1000 -1.72 0.99999321
car -1 -1 2.04 365.71 186.80 473.11 256.60 -1 -1 -1 -1000 -1000 -1000 1.78 0.99999249
car -1 -1 1.86 441.91 181.79 514.07 233.31 -1 -1 -1 -1000 -1000 -1000 1.64 0.99997902
car -1 -1 1.83 536.86 177.94 575.93 204.02 -1 -1 -1 -1000 -1000 -1000 1.61 0.99950480
car -1 -1 1.84 478.19 181.54 535.49 217.27 -1 -1 -1 -1000 -1000 -1000 1.61 0.99935657
car -1 -1 -1.76 698.72 175.33 774.20 229.87 -1 -1 -1 -1000 -1000 -1000 -1.62 0.99737239
car -1 -1 -1.60 684.93 178.07 721.72 209.57 -1 -1 -1 -1000 -1000 -1000 -1.45 0.96002114
car -1 -1 -1.48 890.86 174.66 932.63 197.35 -1 -1 -1 -1000 -1000 -1000 -1.29 0.72249866
