car -1 -1 -1.90 757.61 178.41 1109.03 374.50 -1 -1 -1 -1000 -1000 -1000 -1.72 0.99999356
car -1 -1 -1.00 737.13 172.11 834.10 213.70 -1 -1 -1 -1000 -1000 -1000 -0.88 0.99989641
car -1 -1 -1.75 638.53 171.71 664.15 193.87 -1 -1 -1 -1000 -1000 -1000 -1.65 0.99987495
car -1 -1 -0.09 356.84 164.56 523.06 211.31 -1 -1 -1 -1000 -1000 -1000 0.31 0.99925834
car -1 -1 -0.79 691.55 172.68 768.42 201.32 -1 -1 -1 -1000 -1000 -1000 -0.60 0.99831855
car -1 -1 0.16 467.52 163.27 546.52 195.53 -1 -1 -1 -1000 -1000 -1000 0.12 0.99480826
car -1 -1 1.16 0.28 197.88 53.45 345.09 -1 -1 -1 -1000 -1000 -1000 1.32 0.99275100
car -1 -1 -0.37 7.46 176.12 315.58 302.52 -1 -1 -1 -1000 -1000 -1000 0.42 0.96802527
car -1 -1 0.32 834.05 180.29 965.42 244.59 -1 -1 -1 -1000 -1000 -1000 0.22 0.90310973
car -1 -1 -0.67 149.07 145.20 406.45 269.94 -1 -1 -1 -1000 -1000 -1000 -0.55 0.57567942
car -1 -1 -0.98 292.62 165.83 447.24 233.41 -1 -1 -1 -1000 -1000 -1000 -0.87 0.32798019
