car -1 -1 0.88 705.67 183.77 795.39 253.17 -1 -1 -1 -1000 -1000 -1000 0.77 0.99999785
car -1 -1 -1.95 795.47 176.85 1112.59 370.38 -1 -1 -1 -1000 -1000 -1000 -1.73 0.99999487
car -1 -1 2.12 2.61 197.08 274.92 361.46 -1 -1 -1 -1000 -1000 -1000 1.81 0.99997854
car -1 -1 1.94 393.89 187.42 474.40 236.63 -1 -1 -1 -1000 -1000 -1000 1.67 0.99997604
car -1 -1 2.11 230.40 190.26 392.03 283.02 -1 -1 -1 -1000 -1000 -1000 1.80 0.99997473
car -1 -1 -1.58 681.50 180.65 749.07 229.60 -1 -1 -1 -1000 -1000 -1000 -1.48 0.99997091
car -1 -1 -1.82 657.16 179.47 708.20 214.98 -1 -1 -1 -1000 -1000 -1000 -1.70 0.99996293
car -1 -1 1.78 483.02 179.36 523.00 211.25 -1 -1 -1 -1000 -1000 -1000 1.57 0.99993813
car -1 -1 -1.99 1014.46 211.41 1234.80 372.13 -1 -1 -1 -1000 -1000 -1000 -1.66 0.98619962
car -1 -1 -1.28 526.95 175.29 568.92 195.20 -1 -1 -1 -1000 -1000 -1000 -1.25 0.88035160
car -1 -1 1.51 138.10 194.82 275.58 257.93 -1 -1 -1 -1000 -1000 -1000 1.27 0.27616060
