car -1 -1 -2.11 831.69 183.46 1173.95 373.03 -1 -1 -1 -1000 -1000 -1000 -1.86 0.99999845
car -1 -1 -2.03 738.97 180.44 909.08 279.25 -1 -1 -1 -1000 -1000 -1000 -1.85 0.99999547
car -1 -1 -1.85 711.14 178.44 805.20 247.81 -1 -1 -1 -1000 -1000 -1000 -1.71 0.99999130
car -1 -1 2.24 0.00 194.78 296.68 374.50 -1 -1 -1 -1000 -1000 -1000 1.90 0.99999070
car -1 -1 2.12 240.05 190.07 420.41 293.33 -1 -1 -1 -1000 -1000 -1000 1.82 0.99998415
car -1 -1 2.00 362.78 184.29 471.67 257.17 -1 -1 -1 -1000 -1000 -1000 1.74 0.99997580
car -1 -1 1.83 494.53 178.17 545.15 211.66 -1 -1 -1 -1000 -1000 -1000 1.60 0.99996531
car -1 -1 -1.67 690.27 177.54 737.84 217.39 -1 -1 -1 -1000 -1000 -1000 -1.57 0.99935502
car -1 -1 0.49 592.03 172.39 631.43 190.57 -1 -1 -1 -1000 -1000 -1000 0.38 0.99116325
car -1 -1 -1.96 1122.04 213.56 1239.77 374.13 -1 -1 -1 -1000 -1000 -1000 -1.63 0.72947460
car -1 -1 -1.08 1061.78 165.38 1241.69 226.03 -1 -1 -1 -1000 -1000 -1000 -0.78 0.09382814
