car -1 -1 -2.11 755.74 181.85 1059.03 367.81 -1 -1 -1 -1000 -1000 -1000 -1.86 0.99999559
car -1 -1 -1.45 137.43 186.30 383.23 333.41 -1 -1 -1 -1000 -1000 -1000 -1.42 0.99999249
car -1 -1 -1.83 401.74 188.29 481.38 243.82 -1 -1 -1 -1000 -1000 -1000 -1.75 0.99998307
car -1 -1 -1.68 574.55 179.97 617.98 218.39 -1 -1 -1 -1000 -1000 -1000 -1.60 0.99993241
car -1 -1 -1.47 447.22 188.14 516.38 229.48 -1 -1 -1 -1000 -1000 -1000 -1.37 0.99976641
car -1 -1 -0.97 390.41 182.77 432.27 217.99 -1 -1 -1 -1000 -1000 -1000 -0.94 0.99944872
car -1 -1 2.09 0.00 219.18 88.46 306.14 -1 -1 -1 -1000 -1000 -1000 1.70 0.98528802
car -1 -1 -0.42 74.59 169.14 249.92 292.25 -1 -1 -1 -1000 -1000 -1000 -0.43 0.94371539
car -1 -1 0.11 620.63 182.42 644.47 203.64 -1 -1 -1 -1000 -1000 -1000 0.12 0.52548879
car -1 -1 -1.39 958.51 182.51 1236.46 351.88 -1 -1 -1 -1000 -1000 -1000 -1.13 0.28703967
car -1 -1 -1.20 480.51 184.36 522.69 213.40 -1 -1 -1 -1000 -1000 -1000 -1.10 0.27338371
