car -1 -1 2.20 7.03 195.57 335.57 361.09 -1 -1 -1 -1000 -1000 -1000 1.87 0.99999213
car -1 -1 -1.77 732.61 177.23 869.07 268.51 -1 -1 -1 -1000 -1000 -1000 -1.64 0.99999166
car -1 -1 -1.84 702.79 179.12 794.92 235.96 -1 -1 -1 -1000 -1000 -1000 -1.73 0.99999094
car -1 -1 -2.10 784.28 181.78 1075.61 343.92 -1 -1 -1 -1000 -1000 -1000 -1.84 0.99998331
car -1 -1 1.70 433.72 177.97 505.54 225.95 -1 -1 -1 -1000 -1000 -1000 1.50 0.99997306
car -1 -1 -2.08 944.29 176.39 1241.56 373.75 -1 -1 -1 -1000 -1000 -1000 -1.72 0.99996269
car -1 -1 1.44 590.27 173.49 630.66 190.50 -1 -1 -1 -1000 -1000 -1000 1.03 0.99880910
car -1 -1 0.85 653.40 173.43 713.14 194.06 -1 -1 -1 -1000 -1000 -1000 0.23 0.95748889
car -1 -1 1.36 0.00 188.77 106.12 232.72 -1 -1 -1 -1000 -1000 -1000 1.10 0.28204042
car -1 -1 1.67 0.63 221.88 120.89 369.09 -1 -1 -1 -1000 -1000 -1000 1.36 0.14036566
