car -1 -1 -1.74 793.71 189.69 1110.45 373.01 -1 -1 -1 -1000 -1000 -1000 -1.54 0.99999464
car -1 -1 -1.88 687.02 182.05 779.50 253.55 -1 -1 -1 -1000 -1000 -1000 -1.73 0.99998784
car -1 -1 -0.10 10.66 195.35 243.80 349.76 -1 -1 -1 -1000 -1000 -1000 0.28 0.99996555
car -1 -1 -1.38 662.10 180.04 719.09 219.86 -1 -1 -1 -1000 -1000 -1000 -1.31 0.99996459
car -1 -1 0.44 302.48 181.85 483.60 238.88 -1 -1 -1 -1000 -1000 -1000 0.46 0.99960023
car -1 -1 -1.59 642.44 172.03 675.09 201.12 -1 -1 -1 -1000 -1000 -1000 -1.48 0.99931467
car -1 -1 -1.30 155.48 185.56 387.70 269.66 -1 -1 -1 -1000 -1000 -1000 -0.92 0.99343926
car -1 -1 -1.35 383.26 171.58 474.99 213.45 -1 -1 -1 -1000 -1000 -1000 -1.21 0.97650230
car -1 -1 -0.79 495.89 171.03 543.74 204.67 -1 -1 -1 -1000 -1000 -1000 0.04 0.32544047
car -1 -1 1.35 60.26 199.46 214.06 261.49 -1 -1 -1 -1000 -1000 -1000 1.21 0.07290909
