car -1 -1 -2.10 710.56 186.56 896.96 308.06 -1 -1 -1 -1000 -1000 -1000 -1.92 0.99999142
car -1 -1 0.31 4.15 170.27 230.85 323.65 -1 -1 -1 -1000 -1000 -1000 0.95 0.99998629
car -1 -1 -1.18 376.88 171.65 524.96 218.60 -1 -1 -1 -1000 -1000 -1000 -0.59 0.99992263
car -1 -1 -0.80 810.83 182.18 982.76 260.26 -1 -1 -1 -1000 -1000 -1000 -0.76 0.99939454
car -1 -1 -1.65 636.47 176.62 660.14 196.67 -1 -1 -1 -1000 -1000 -1000 -1.56 0.99921930
car -1 -1 -1.05 721.40 172.86 802.53 226.96 -1 -1 -1 -1000 -1000 -1000 -0.91 0.98835981
car -1 -1 -0.54 681.23 175.02 745.92 204.17 -1 -1 -1 -1000 -1000 -1000 -0.41 0.97208339
car -1 -1 -0.81 100.54 171.90 418.21 269.13 -1 -1 -1 -1000 -1000 -1000 -0.09 0.90306532
car -1 -1 -1.73 265.97 148.47 448.09 244.46 -1 -1 -1 -1000 -1000 -1000 -1.57 0.87205249
car -1 -1 -0.08 476.72 169.99 553.30 200.82 -1 -1 -1 -1000 -1000 -1000 -0.15 0.40092131
