car -1 -1 2.26 0.00 215.37 267.82 363.86 -1 -1 -1 -1000 -1000 -1000 1.94 0.99999058
car -1 -1 2.13 208.41 202.08 369.73 291.59 -1 -1 -1 -1000 -1000 -1000 1.83 0.99998879
car -1 -1 -1.54 669.81 173.06 747.16 219.51 -1 -1 -1 -1000 -1000 -1000 -1.42 0.99998760
car -1 -1 2.06 342.39 192.09 438.67 250.59 -1 -1 -1 -1000 -1000 -1000 1.79 0.99997699
car -1 -1 2.00 419.57 188.86 489.76 231.03 -1 -1 -1 -1000 -1000 -1000 1.75 0.99997330
car -1 -1 2.34 884.78 142.07 1146.07 218.08 -1 -1 -1 -1000 -1000 -1000 2.12 0.99993849
car -1 -1 1.80 490.50 181.23 531.11 208.75 -1 -1 -1 -1000 -1000 -1000 1.56 0.99346405
car -1 -1 -1.47 645.59 175.25 698.02 208.10 -1 -1 -1 -1000 -1000 -1000 -1.34 0.98302889
car -1 -1 1.47 795.99 152.43 988.12 207.89 -1 -1 -1 -1000 -1000 -1000 0.91 0.91267115
car -1 -1 1.44 462.18 184.57 508.73 217.53 -1 -1 -1 -1000 -1000 -1000 1.26 0.81478846
car -1 -1 -1.16 593.58 171.32 617.47 187.52 -1 -1 -1 -1000 -1000 -1000 -1.07 0.12598163
car -1 -1 1.29 521.93 179.93 548.62 201.62 -1 -1 -1 -1000 -1000 -1000 1.15 0.07943098
