car -1 -1 2.24 0.00 187.67 307.29 374.50 -1 -1 -1 -1000 -1000 -1000 1.91 0.99999583
car -1 -1 -1.87 745.54 181.95 894.19 277.83 -1 -1 -1 -1000 -1000 -1000 -1.72 0.99999356
car -1 -1 -1.84 716.46 178.78 811.64 247.90 -1 -1 -1 -1000 -1000 -1000 -1.74 0.99999309
car -1 -1 -2.09 809.48 184.97 1166.92 374.50 -1 -1 -1 -1000 -1000 -1000 -1.85 0.99998915
car -1 -1 1.92 221.84 192.69 417.86 288.90 -1 -1 -1 -1000 -1000 -1000 1.66 0.99997568
car -1 -1 -1.87 693.07 178.28 762.24 227.11 -1 -1 -1 -1000 -1000 -1000 -1.75 0.99994588
car -1 -1 1.98 492.67 179.64 539.62 214.30 -1 -1 -1 -1000 -1000 -1000 1.71 0.99993920
car -1 -1 0.60 627.99 175.00 673.12 193.64 -1 -1 -1 -1000 -1000 -1000 0.53 0.99952078
car -1 -1 -1.82 1073.64 207.86 1239.60 374.50 -1 -1 -1 -1000 -1000 -1000 -1.50 0.93167460
car -1 -1 -1.83 1069.78 174.63 1202.62 236.19 -1 -1 -1 -1000 -1000 -1000 -1.51 0.30734026
