car -1 -1 -1.99 764.33 154.25 1079.36 372.99 -1 -1 -1 -1000 -1000 -1000 -1.79 0.99998605
car -1 -1 -1.63 683.59 173.42 763.56 232.35 -1 -1 -1 -1000 -1000 -1000 -1.53 0.99998069
car -1 -1 -1.69 654.77 170.78 702.52 209.80 -1 -1 -1 -1000 -1000 -1000 -1.60 0.99997759
car -1 -1 -0.70 9.73 179.76 259.32 341.17 -1 -1 -1 -1000 -1000 -1000 0.18 0.99997211
car -1 -1 -0.29 240.08 168.26 429.79 254.17 -1 -1 -1 -1000 -1000 -1000 0.57 0.99977821
car -1 -1 -1.65 636.18 166.73 671.69 195.07 -1 -1 -1 -1000 -1000 -1000 -1.55 0.99969792
car -1 -1 -1.53 423.68 162.92 516.43 207.04 -1 -1 -1 -1000 -1000 -1000 -1.30 0.99937928
car -1 -1 -1.78 712.61 174.72 833.07 275.84 -1 -1 -1 -1000 -1000 -1000 -1.62 0.99849510
car -1 -1 -1.79 357.81 165.81 467.16 224.39 -1 -1 -1 -1000 -1000 -1000 -1.51 0.99637419
car -1 -1 -0.76 114.64 183.28 362.58 277.50 -1 -1 -1 -1000 -1000 -1000 0.54 0.98710233
