car -1 -1 2.01 180.68 202.39 414.08 341.18 -1 -1 -1 -1000 -1000 -1000 1.75 0.99999475
car -1 -1 -1.63 659.81 182.66 718.52 227.22 -1 -1 -1 -1000 -1000 -1000 -1.55 0.99998164
car -1 -1 1.75 813.74 158.16 1052.28 230.60 -1 -1 -1 -1000 -1000 -1000 1.67 0.99990463
car -1 -1 1.80 474.04 185.91 515.65 214.12 -1 -1 -1 -1000 -1000 -1000 1.58 0.99985051
car -1 -1 2.05 1.28 238.65 202.87 373.58 -1 -1 -1 -1000 -1000 -1000 1.70 0.99951363
car -1 -1 -0.61 413.28 187.18 480.93 228.76 -1 -1 -1 -1000 -1000 -1000 -0.62 0.99849331
car -1 -1 1.13 758.80 166.36 900.36 218.21 -1 -1 -1 -1000 -1000 -1000 0.67 0.98364520
car -1 -1 -1.26 985.28 156.55 1099.93 190.80 -1 -1 -1 -1000 -1000 -1000 -1.16 0.74142247
car -1 -1 -0.46 961.71 163.91 1035.62 196.79 -1 -1 -1 -1000 -1000 -1000 -0.45 0.57431734
car -1 -1 0.75 682.06 172.56 758.83 198.62 -1 -1 -1 -1000 -1000 -1000 0.12 0.19954327
