car -1 -1 -1.96 788.39 180.12 1032.95 318.36 -1 -1 -1 -1000 -1000 -1000 -1.75 0.99999845
car -1 -1 -2.09 961.41 170.65 1240.77 371.98 -1 -1 -1 -1000 -1000 -1000 -1.77 0.99999547
car -1 -1 2.19 49.36 189.99 361.05 356.22 -1 -1 -1 -1000 -1000 -1000 1.86 0.99999273
car -1 -1 -1.87 702.77 175.92 783.66 230.94 -1 -1 -1 -1000 -1000 -1000 -1.75 0.99999213
car -1 -1 -1.91 733.99 179.22 856.12 265.26 -1 -1 -1 -1000 -1000 -1000 -1.76 0.99998796
car -1 -1 2.03 392.91 182.17 484.81 244.23 -1 -1 -1 -1000 -1000 -1000 1.77 0.99998653
car -1 -1 2.11 301.69 188.21 449.92 274.09 -1 -1 -1 -1000 -1000 -1000 1.83 0.99998295
car -1 -1 1.84 505.37 178.02 550.61 209.37 -1 -1 -1 -1000 -1000 -1000 1.63 0.99995065
car -1 -1 -1.70 689.14 174.19 737.68 213.39 -1 -1 -1 -1000 -1000 -1000 -1.61 0.99976915
car -1 -1 0.21 574.01 173.26 620.43 189.99 -1 -1 -1 -1000 -1000 -1000 0.20 0.97389084
