car -1 -1 -1.67 752.77 167.80 1030.87 343.92 -1 -1 -1 -1000 -1000 -1000 -1.50 0.99999535
car -1 -1 2.04 319.42 178.59 432.98 246.09 -1 -1 -1 -1000 -1000 -1000 1.78 0.99998593
car -1 -1 2.12 66.03 198.15 329.33 329.36 -1 -1 -1 -1000 -1000 -1000 1.82 0.99998355
car -1 -1 1.94 390.87 172.92 475.79 228.61 -1 -1 -1 -1000 -1000 -1000 1.69 0.99997532
car -1 -1 1.79 542.47 174.57 572.52 198.53 -1 -1 -1 -1000 -1000 -1000 1.57 0.99990737
car -1 -1 -1.40 635.95 174.87 661.26 193.72 -1 -1 -1 -1000 -1000 -1000 -1.35 0.99981016
car -1 -1 1.61 512.86 180.01 540.26 200.92 -1 -1 -1 -1000 -1000 -1000 1.42 0.99977165
car -1 -1 1.87 689.55 170.63 769.21 194.27 -1 -1 -1 -1000 -1000 -1000 1.60 0.99969363
car -1 -1 2.13 0.00 229.02 69.77 366.22 -1 -1 -1 -1000 -1000 -1000 1.76 0.99961627
car -1 -1 0.78 455.81 183.19 505.38 212.60 -1 -1 -1 -1000 -1000 -1000 0.69 0.99800235
