car -1 -1 -1.80 751.15 173.75 927.78 299.85 -1 -1 -1 -1000 -1000 -1000 -1.63 0.99999344
car -1 -1 -1.88 846.35 183.41 1224.81 371.68 -1 -1 -1 -1000 -1000 -1000 -1.60 0.99998152
car -1 -1 1.81 425.27 185.69 493.39 228.41 -1 -1 -1 -1000 -1000 -1000 1.56 0.99997735
car -1 -1 2.22 108.71 198.95 366.36 317.69 -1 -1 -1 -1000 -1000 -1000 1.91 0.99997699
car -1 -1 2.15 304.44 188.27 425.33 264.15 -1 -1 -1 -1000 -1000 -1000 1.84 0.99996865
car -1 -1 -0.29 696.87 176.78 755.36 236.81 -1 -1 -1 -1000 -1000 -1000 -0.29 0.99995494
car -1 -1 -1.57 671.10 180.97 729.36 221.99 -1 -1 -1 -1000 -1000 -1000 -1.46 0.99993062
car -1 -1 -1.63 538.49 173.91 586.33 194.63 -1 -1 -1 -1000 -1000 -1000 -1.56 0.99989188
car -1 -1 1.85 493.71 179.98 531.29 207.15 -1 -1 -1 -1000 -1000 -1000 1.62 0.99982882
car -1 -1 1.10 4.31 180.64 72.90 255.96 -1 -1 -1 -1000 -1000 -1000 0.84 0.97607648
car -1 -1 -1.42 653.34 178.47 698.90 209.65 -1 -1 -1 -1000 -1000 -1000 -1.30 0.97572690
car -1 -1 0.95 220.46 187.71 316.98 229.25 -1 -1 -1 -1000 -1000 -1000 0.79 0.16472930
