car -1 -1 -1.85 732.17 178.46 883.83 281.27 -1 -1 -1 -1000 -1000 -1000 -1.67 0.99999499
car -1 -1 2.14 322.48 186.90 442.02 257.14 -1 -1 -1 -1000 -1000 -1000 1.84 0.99998045
car -1 -1 2.15 160.09 196.02 384.12 303.35 -1 -1 -1 -1000 -1000 -1000 1.85 0.99997723
car -1 -1 -1.96 815.03 187.43 1218.07 373.24 -1 -1 -1 -1000 -1000 -1000 -1.68 0.99997497
car -1 -1 1.83 431.16 184.87 496.30 227.22 -1 -1 -1 -1000 -1000 -1000 1.59 0.99997437
car -1 -1 2.25 0.00 216.70 103.69 373.20 -1 -1 -1 -1000 -1000 -1000 1.90 0.99990308
car -1 -1 -1.41 653.77 178.91 702.87 208.65 -1 -1 -1 -1000 -1000 -1000 -1.33 0.99984014
car -1 -1 -0.76 689.38 180.82 757.10 231.43 -1 -1 -1 -1000 -1000 -1000 -0.71 0.99982589
car -1 -1 -1.52 547.42 171.91 592.14 193.76 -1 -1 -1 -1000 -1000 -1000 -1.45 0.99982554
car -1 -1 1.78 497.20 179.69 533.34 208.01 -1 -1 -1 -1000 -1000 -1000 1.56 0.99960047
car -1 -1 0.57 5.73 190.92 102.34 245.11 -1 -1 -1 -1000 -1000 -1000 0.36 0.26418146
car -1 -1 0.86 1163.26 126.80 1241.39 306.84 -1 -1 -1 -1000 -1000 -1000 0.97 0.21510859
