car -1 -1 -1.99 807.41 182.84 1089.29 344.18 -1 -1 -1 -1000 -1000 -1000 -1.74 0.99999666
car -1 -1 2.26 0.00 191.73 334.03 370.82 -1 -1 -1 -1000 -1000 -1000 1.92 0.99999523
car -1 -1 -1.80 706.36 178.72 797.84 235.47 -1 -1 -1 -1000 -1000 -1000 -1.69 0.99999356
car -1 -1 1.97 379.33 185.53 476.24 251.23 -1 -1 -1 -1000 -1000 -1000 1.71 0.99999177
car -1 -1 -1.85 737.18 181.90 881.79 268.53 -1 -1 -1 -1000 -1000 -1000 -1.70 0.99998939
car -1 -1 2.14 264.34 190.55 433.14 283.46 -1 -1 -1 -1000 -1000 -1000 1.84 0.99997747
car -1 -1 1.85 498.94 179.75 545.07 212.53 -1 -1 -1 -1000 -1000 -1000 1.62 0.99995601
car -1 -1 1.91 521.71 175.94 562.94 205.57 -1 -1 -1 -1000 -1000 -1000 1.67 0.99975008
car -1 -1 -1.74 692.80 176.06 743.59 220.00 -1 -1 -1 -1000 -1000 -1000 -1.62 0.99918586
car -1 -1 -1.89 1038.11 181.64 1241.69 367.93 -1 -1 -1 -1000 -1000 -1000 -1.55 0.99604994
car -1 -1 -0.09 574.45 171.91 626.61 189.85 -1 -1 -1 -1000 -1000 -1000 -0.10 0.93693817
car -1 -1 -1.67 924.65 173.03 1011.34 205.91 -1 -1 -1 -1000 -1000 -1000 -1.38 0.46851456
