car -1 -1 -1.80 718.66 168.86 918.34 306.63 -1 -1 -1 -1000 -1000 -1000 -1.63 0.99999034
car -1 -1 -1.70 647.93 175.01 691.72 211.35 -1 -1 -1 -1000 -1000 -1000 -1.62 0.99997389
car -1 -1 -1.76 672.37 177.20 737.33 230.50 -1 -1 -1 -1000 -1000 -1000 -1.66 0.99997127
car -1 -1 -0.16 13.05 189.96 287.89 349.66 -1 -1 -1 -1000 -1000 -1000 0.73 0.99989629
car -1 -1 -0.35 308.34 167.58 454.81 245.03 -1 -1 -1 -1000 -1000 -1000 0.45 0.99958426
car -1 -1 -0.89 401.98 170.70 506.56 209.32 -1 -1 -1 -1000 -1000 -1000 -0.75 0.99922287
car -1 -1 -1.66 628.90 170.50 665.12 201.50 -1 -1 -1 -1000 -1000 -1000 -1.55 0.99842429
car -1 -1 -1.28 120.10 184.37 374.36 268.48 -1 -1 -1 -1000 -1000 -1000 -0.40 0.99400097
car -1 -1 -0.08 1.76 183.36 102.87 374.50 -1 -1 -1 -1000 -1000 -1000 0.80 0.94561166
car -1 -1 0.18 771.57 164.02 849.08 189.70 -1 -1 -1 -1000 -1000 -1000 -0.01 0.06378631
