car -1 -1 2.13 83.76 197.10 418.19 372.03 -1 -1 -1 -1000 -1000 -1000 1.85 0.99999714
car -1 -1 -2.02 779.70 171.74 1158.75 369.35 -1 -1 -1 -1000 -1000 -1000 -1.76 0.99999225
car -1 -1 -1.90 696.21 173.16 856.52 277.00 -1 -1 -1 -1000 -1000 -1000 -1.75 0.99998999
car -1 -1 1.98 343.65 190.89 480.19 285.62 -1 -1 -1 -1000 -1000 -1000 1.74 0.99998271
car -1 -1 -1.82 675.00 169.75 735.58 221.76 -1 -1 -1 -1000 -1000 -1000 -1.74 0.99997711
car -1 -1 1.98 456.90 178.96 527.82 229.58 -1 -1 -1 -1000 -1000 -1000 1.72 0.99997306
car -1 -1 1.56 412.11 175.21 499.44 243.08 -1 -1 -1 -1000 -1000 -1000 1.37 0.99895620
car -1 -1 -1.44 596.48 171.28 624.50 191.56 -1 -1 -1 -1000 -1000 -1000 -1.35 0.99045813
car -1 -1 -1.44 1058.44 196.61 1241.69 374.50 -1 -1 -1 -1000 -1000 -1000 -1.11 0.98058677
car -1 -1 -1.54 636.34 169.61 676.64 197.58 -1 -1 -1 -1000 -1000 -1000 -1.41 0.94433731
