car -1 -1 2.18 211.77 178.17 381.42 274.00 -1 -1 -1 -1000 -1000 -1000 1.90 0.99999475
car -1 -1 2.27 2.61 225.68 152.05 368.97 -1 -1 -1 -1000 -1000 -1000 1.92 0.99999464
car -1 -1 -1.87 834.83 172.25 1237.79 372.58 -1 -1 -1 -1000 -1000 -1000 -1.64 0.99998879
car -1 -1 2.21 690.50 168.47 777.10 193.44 -1 -1 -1 -1000 -1000 -1000 1.96 0.99998236
car -1 -1 1.92 336.81 180.31 440.61 243.53 -1 -1 -1 -1000 -1000 -1000 1.68 0.99997616
car -1 -1 1.72 524.87 178.88 560.63 204.90 -1 -1 -1 -1000 -1000 -1000 1.51 0.99994123
car -1 -1 1.69 439.08 184.62 486.37 213.32 -1 -1 -1 -1000 -1000 -1000 1.49 0.99992931
car -1 -1 -1.53 632.05 173.77 658.07 193.64 -1 -1 -1 -1000 -1000 -1000 -1.45 0.99979728
car -1 -1 1.76 494.56 180.14 528.72 202.86 -1 -1 -1 -1000 -1000 -1000 1.54 0.99937457
car -1 -1 -0.58 973.43 147.86 1229.91 265.40 -1 -1 -1 -1000 -1000 -1000 -0.34 0.31418657
