car -1 -1 2.11 0.00 210.25 349.16 374.50 -1 -1 -1 -1000 -1000 -1000 1.81 0.99999344
car -1 -1 2.04 290.23 200.63 433.60 300.49 -1 -1 -1 -1000 -1000 -1000 1.78 0.99998736
car -1 -1 -1.62 650.21 176.42 755.93 263.21 -1 -1 -1 -1000 -1000 -1000 -1.52 0.99998713
car -1 -1 -1.84 713.89 196.07 911.45 300.72 -1 -1 -1 -1000 -1000 -1000 -1.65 0.99993837
car -1 -1 -1.88 800.55 200.92 1241.69 373.91 -1 -1 -1 -1000 -1000 -1000 -1.61 0.99991715
car -1 -1 -1.66 604.45 183.62 653.17 224.66 -1 -1 -1 -1000 -1000 -1000 -1.57 0.99976546
car -1 -1 1.75 483.38 181.15 514.63 210.08 -1 -1 -1 -1000 -1000 -1000 1.58 0.99967432
car -1 -1 1.03 421.21 173.05 489.14 238.50 -1 -1 -1 -1000 -1000 -1000 0.94 0.99562871
car -1 -1 -1.37 622.93 177.29 696.79 237.26 -1 -1 -1 -1000 -1000 -1000 -1.26 0.74874407
car -1 -1 -1.72 1145.11 186.97 1240.06 368.65 -1 -1 -1 -1000 -1000 -1000 -1.42 0.26028007
