car -1 -1 2.28 0.13 219.97 186.78 374.50 -1 -1 -1 -1000 -1000 -1000 1.92 0.99999332
car -1 -1 -1.71 682.61 175.53 771.27 227.84 -1 -1 -1 -1000 -1000 -1000 -1.57 0.99998653
car -1 -1 2.19 120.37 201.13 331.41 319.08 -1 -1 -1 -1000 -1000 -1000 1.86 0.99998081
car -1 -1 1.92 401.34 187.13 483.14 235.14 -1 -1 -1 -1000 -1000 -1000 1.68 0.99996221
car -1 -1 2.08 303.42 196.36 417.13 262.67 -1 -1 -1 -1000 -1000 -1000 1.79 0.99994779
car -1 -1 2.16 925.57 135.98 1241.69 221.29 -1 -1 -1 -1000 -1000 -1000 2.00 0.99994111
car -1 -1 1.87 485.33 182.77 528.63 211.17 -1 -1 -1 -1000 -1000 -1000 1.63 0.99844801
car -1 -1 1.79 452.02 186.28 499.82 223.38 -1 -1 -1 -1000 -1000 -1000 1.56 0.99446738
car -1 -1 1.39 848.09 148.73 1030.17 214.51 -1 -1 -1 -1000 -1000 -1000 0.93 0.97196329
car -1 -1 -1.39 651.06 174.64 704.59 209.73 -1 -1 -1 -1000 -1000 -1000 -1.27 0.96354330
car -1 -1 -1.44 590.36 172.63 619.15 189.09 -1 -1 -1 -1000 -1000 -1000 -1.34 0.78170592
car -1 -1 1.50 516.96 180.28 549.03 203.96 -1 -1 -1 -1000 -1000 -1000 1.32 0.23956327
