car -1 -1 -1.94 688.76 203.88 993.64 372.90 -1 -1 -1 -1000 -1000 -1000 -1.72 0.99999404
car -1 -1 2.17 0.00 215.68 296.82 373.79 -1 -1 -1 -1000 -1000 -1000 1.87 0.99999106
car -1 -1 -1.69 562.72 189.50 662.15 265.18 -1 -1 -1 -1000 -1000 -1000 -1.59 0.99997926
car -1 -1 1.99 219.09 216.93 357.11 305.86 -1 -1 -1 -1000 -1000 -1000 1.76 0.99997568
car -1 -1 -1.83 622.96 204.05 762.23 300.14 -1 -1 -1 -1000 -1000 -1000 -1.68 0.99997413
car -1 -1 -1.86 871.23 215.62 1241.69 372.02 -1 -1 -1 -1000 -1000 -1000 -1.57 0.99991739
car -1 -1 -1.60 524.76 201.97 567.49 236.36 -1 -1 -1 -1000 -1000 -1000 -1.54 0.99985063
car -1 -1 1.41 341.51 191.18 407.39 251.41 -1 -1 -1 -1000 -1000 -1000 1.26 0.99873143
car -1 -1 -1.64 540.18 197.09 599.66 244.53 -1 -1 -1 -1000 -1000 -1000 -1.49 0.98532355
car -1 -1 1.49 397.22 198.16 433.00 225.07 -1 -1 -1 -1000 -1000 -1000 1.38 0.89912552
