car -1 -1 2.26 0.00 210.72 266.96 365.07 -1 -1 -1 -1000 -1000 -1000 1.94 0.99999702
car -1 -1 -1.96 858.60 176.76 1241.69 373.57 -1 -1 -1 -1000 -1000 -1000 -1.72 0.99999011
car -1 -1 1.89 443.24 189.60 495.93 224.37 -1 -1 -1 -1000 -1000 -1000 1.65 0.99997771
car -1 -1 -0.70 233.85 200.40 302.55 229.08 -1 -1 -1 -1000 -1000 -1000 -0.63 0.99995947
car -1 -1 1.48 474.94 188.04 513.15 218.42 -1 -1 -1 -1000 -1000 -1000 1.29 0.99945766
car -1 -1 -1.12 605.55 179.43 656.95 202.39 -1 -1 -1 -1000 -1000 -1000 -1.06 0.99936050
car -1 -1 -1.42 177.12 197.83 254.57 232.94 -1 -1 -1 -1000 -1000 -1000 -1.27 0.99901748
car -1 -1 1.47 494.62 181.83 530.46 209.20 -1 -1 -1 -1000 -1000 -1000 1.30 0.99843878
car -1 -1 1.35 147.24 202.53 206.36 226.97 -1 -1 -1 -1000 -1000 -1000 1.21 0.85054266
car -1 -1 -0.99 648.23 172.37 689.71 203.71 -1 -1 -1 -1000 -1000 -1000 -0.97 0.25093156
