car -1 -1 -1.96 768.96 183.15 1047.72 374.50 -1 -1 -1 -1000 -1000 -1000 -1.77 0.99999523
car -1 -1 2.04 127.48 178.64 463.45 370.07 -1 -1 -1 -1000 -1000 -1000 1.77 0.99998426
car -1 -1 -1.16 704.95 191.66 826.45 281.72 -1 -1 -1 -1000 -1000 -1000 -1.08 0.99990094
car -1 -1 -0.27 666.28 182.42 720.55 218.64 -1 -1 -1 -1000 -1000 -1000 -0.26 0.99987197
car -1 -1 0.74 389.08 180.28 494.90 268.44 -1 -1 -1 -1000 -1000 -1000 0.61 0.99673849
car -1 -1 1.36 472.92 178.37 543.78 226.85 -1 -1 -1 -1000 -1000 -1000 1.25 0.99632543
car -1 -1 1.66 522.28 177.47 561.62 213.06 -1 -1 -1 -1000 -1000 -1000 1.47 0.98982823
car -1 -1 -1.67 649.78 172.76 685.41 201.67 -1 -1 -1 -1000 -1000 -1000 -1.50 0.98802871
car -1 -1 -1.40 1004.45 194.93 1222.93 358.75 -1 -1 -1 -1000 -1000 -1000 -1.02 0.14901800
car -1 -1 1.12 572.02 171.95 595.28 188.80 -1 -1 -1 -1000 -1000 -1000 1.00 0.08940138
