car -1 -1 -1.83 749.77 189.13 990.10 339.94 -1 -1 -1 -1000 -1000 -1000 -1.62 0.99999440
car -1 -1 -1.91 670.48 178.85 757.17 244.77 -1 -1 -1 -1000 -1000 -1000 -1.75 0.99999022
car -1 -1 0.25 330.78 185.95 485.97 233.93 -1 -1 -1 -1000 -1000 -1000 0.47 0.99997497
car -1 -1 0.20 0.00 191.41 209.95 363.54 -1 -1 -1 -1000 -1000 -1000 0.81 0.99987400
car -1 -1 -1.32 654.66 178.16 704.58 216.06 -1 -1 -1 -1000 -1000 -1000 -1.20 0.99983835
car -1 -1 -1.07 81.45 197.61 320.67 296.30 -1 -1 -1 -1000 -1000 -1000 -0.58 0.99917728
car -1 -1 -1.76 216.61 185.87 386.97 256.34 -1 -1 -1 -1000 -1000 -1000 -1.39 0.99773079
car -1 -1 -1.47 636.31 169.55 671.48 200.92 -1 -1 -1 -1000 -1000 -1000 -1.35 0.99766016
car -1 -1 -1.33 483.35 172.78 542.59 205.85 -1 -1 -1 -1000 -1000 -1000 -0.69 0.91123879
car -1 -1 1.35 157.27 196.97 266.47 252.20 -1 -1 -1 -1000 -1000 -1000 1.18 0.72797799
car -1 -1 -0.64 397.09 173.49 480.59 214.92 -1 -1 -1 -1000 -1000 -1000 -0.61 0.05166546
