car -1 -1 2.18 177.11 204.55 439.42 353.80 -1 -1 -1 -1000 -1000 -1000 1.89 0.99999487
car -1 -1 -1.97 747.33 176.29 1042.15 362.89 -1 -1 -1 -1000 -1000 -1000 -1.77 0.99999392
car -1 -1 -1.89 690.57 184.06 814.50 268.79 -1 -1 -1 -1000 -1000 -1000 -1.77 0.99999201
car -1 -1 -2.05 919.04 192.21 1241.69 371.80 -1 -1 -1 -1000 -1000 -1000 -1.76 0.99997485
car -1 -1 -1.78 666.71 179.31 725.96 227.17 -1 -1 -1 -1000 -1000 -1000 -1.69 0.99996555
car -1 -1 1.94 369.36 197.09 487.69 278.29 -1 -1 -1 -1000 -1000 -1000 1.71 0.99995089
car -1 -1 1.78 461.84 187.00 532.00 235.80 -1 -1 -1 -1000 -1000 -1000 1.56 0.99987340
car -1 -1 -1.62 631.27 176.84 678.86 207.03 -1 -1 -1 -1000 -1000 -1000 -1.47 0.99441129
car -1 -1 1.65 423.66 184.90 499.18 247.85 -1 -1 -1 -1000 -1000 -1000 1.46 0.92981935
car -1 -1 -1.28 590.75 180.31 619.49 202.57 -1 -1 -1 -1000 -1000 -1000 -1.19 0.62873268
