car -1 -1 2.12 268.60 194.22 403.97 277.28 -1 -1 -1 -1000 -1000 -1000 1.84 0.99999034
car -1 -1 2.18 0.00 210.43 154.91 374.50 -1 -1 -1 -1000 -1000 -1000 1.83 0.99998522
car -1 -1 2.06 370.28 189.76 451.53 243.35 -1 -1 -1 -1000 -1000 -1000 1.79 0.99997485
car -1 -1 1.98 431.96 187.66 497.02 227.86 -1 -1 -1 -1000 -1000 -1000 1.73 0.99994552
car -1 -1 -1.57 660.07 175.44 738.76 222.00 -1 -1 -1 -1000 -1000 -1000 -1.43 0.99993956
car -1 -1 2.23 87.33 208.94 338.80 319.73 -1 -1 -1 -1000 -1000 -1000 1.89 0.99993360
car -1 -1 2.39 840.83 142.58 1077.53 211.10 -1 -1 -1 -1000 -1000 -1000 2.12 0.99988008
car -1 -1 -1.32 1185.70 131.52 1237.56 178.13 -1 -1 -1 -1000 -1000 -1000 -1.02 0.99868983
car -1 -1 -1.19 596.29 172.83 617.73 188.32 -1 -1 -1 -1000 -1000 -1000 -1.12 0.73884314
car -1 -1 1.50 767.38 151.41 945.97 205.24 -1 -1 -1 -1000 -1000 -1000 1.00 0.73061115
car -1 -1 1.62 498.72 179.20 536.81 204.73 -1 -1 -1 -1000 -1000 -1000 1.40 0.26674479
car -1 -1 -0.59 1225.74 141.99 1241.69 372.56 -1 -1 -1 -1000 -1000 -1000 -0.26 0.05598502
