car -1 -1 -1.89 578.96 180.87 681.23 258.17 -1 -1 -1 -1000 -1000 -1000 -1.76 0.99999499
car -1 -1 -0.89 28.55 192.27 276.42 318.88 -1 -1 -1 -1000 -1000 -1000 -0.93 0.99999452
car -1 -1 -1.37 325.83 184.43 408.66 231.23 -1 -1 -1 -1000 -1000 -1000 -1.35 0.99998391
car -1 -1 -1.66 482.40 180.80 535.62 225.79 -1 -1 -1 -1000 -1000 -1000 -1.57 0.99997807
car -1 -1 -1.56 243.55 181.88 367.25 256.67 -1 -1 -1 -1000 -1000 -1000 -1.53 0.99986279
car -1 -1 -1.43 399.75 185.20 439.47 211.93 -1 -1 -1 -1000 -1000 -1000 -1.36 0.99964321
car -1 -1 -1.48 533.22 180.53 555.53 199.64 -1 -1 -1 -1000 -1000 -1000 -1.38 0.99800366
car -1 -1 -0.89 232.96 184.81 304.65 231.03 -1 -1 -1 -1000 -1000 -1000 -0.81 0.26908058
car -1 -1 0.69 2.01 172.46 88.69 272.25 -1 -1 -1 -1000 -1000 -1000 0.62 0.13842800
car -1 -1 0.16 286.37 174.32 347.58 213.85 -1 -1 -1 -1000 -1000 -1000 0.11 0.11393748
