car -1 -1 -1.61 363.60 180.48 474.16 250.28 -1 -1 -1 -1000 -1000 -1000 -1.56 0.99999344
car -1 -1 -1.33 68.60 192.55 353.20 350.60 -1 -1 -1 -1000 -1000 -1000 -1.32 0.99998283
car -1 -1 -1.78 578.63 179.00 663.66 254.58 -1 -1 -1 -1000 -1000 -1000 -1.68 0.99996901
car -1 -1 -1.15 342.11 185.40 418.78 225.06 -1 -1 -1 -1000 -1000 -1000 -1.10 0.99903703
car -1 -1 1.94 143.47 177.97 224.65 208.66 -1 -1 -1 -1000 -1000 -1000 1.61 0.99891555
car -1 -1 0.07 222.60 183.54 309.19 222.94 -1 -1 -1 -1000 -1000 -1000 -0.01 0.99361402
car -1 -1 1.49 225.25 178.18 269.53 197.51 -1 -1 -1 -1000 -1000 -1000 1.22 0.95576411
car -1 -1 -0.81 671.46 180.88 700.07 201.10 -1 -1 -1 -1000 -1000 -1000 -0.79 0.93902510
car -1 -1 1.39 0.53 181.67 104.28 264.97 -1 -1 -1 -1000 -1000 -1000 1.12 0.33578521
car -1 -1 1.05 49.37 191.50 182.82 282.11 -1 -1 -1 -1000 -1000 -1000 0.91 0.23792274
car -1 -1 0.90 124.90 187.85 239.50 235.90 -1 -1 -1 -1000 -1000 -1000 0.69 0.18081957
