car -1 -1 -2.02 635.02 179.20 768.52 273.00 -1 -1 -1 -1000 -1000 -1000 -1.90 0.99999797
car -1 -1 -1.61 517.70 180.25 569.35 223.02 -1 -1 -1 -1000 -1000 -1000 -1.53 0.99998236
car -1 -1 -1.55 238.82 190.07 389.74 270.31 -1 -1 -1 -1000 -1000 -1000 -1.52 0.99997997
car -1 -1 -1.65 345.20 186.79 442.27 246.75 -1 -1 -1 -1000 -1000 -1000 -1.54 0.99989188
car -1 -1 1.62 0.58 182.16 202.34 375.50 -1 -1 -1 -1000 -1000 -1000 1.30 0.99984288
car -1 -1 -1.36 442.31 186.92 478.42 212.61 -1 -1 -1 -1000 -1000 -1000 -1.30 0.99982256
car -1 -1 -1.23 127.11 172.48 275.94 257.94 -1 -1 -1 -1000 -1000 -1000 -1.17 0.99944347
car -1 -1 -1.52 397.43 187.62 450.11 223.47 -1 -1 -1 -1000 -1000 -1000 -1.45 0.99909365
car -1 -1 -0.74 561.75 181.35 586.65 203.01 -1 -1 -1 -1000 -1000 -1000 -0.67 0.55712909
car -1 -1 -0.20 303.51 188.62 371.67 220.25 -1 -1 -1 -1000 -1000 -1000 -0.22 0.28720102
