car -1 -1 -1.82 756.40 179.28 965.78 308.18 -1 -1 -1 -1000 -1000 -1000 -1.65 0.99999547
car -1 -1 -1.91 878.05 187.89 1240.16 368.26 -1 -1 -1 -1000 -1000 -1000 -1.64 0.99999380
car -1 -1 2.19 279.29 189.25 418.74 267.09 -1 -1 -1 -1000 -1000 -1000 1.89 0.99999094
car -1 -1 -1.46 673.62 180.35 733.02 220.06 -1 -1 -1 -1000 -1000 -1000 -1.39 0.99998045
car -1 -1 1.90 414.14 187.81 485.52 232.95 -1 -1 -1 -1000 -1000 -1000 1.65 0.99997747
car -1 -1 0.25 701.71 180.37 767.20 237.80 -1 -1 -1 -1000 -1000 -1000 0.18 0.99997211
car -1 -1 2.20 48.39 201.15 338.82 328.53 -1 -1 -1 -1000 -1000 -1000 1.89 0.99995565
car -1 -1 1.84 489.42 179.37 530.63 211.42 -1 -1 -1 -1000 -1000 -1000 1.61 0.99983287
car -1 -1 -1.63 537.50 173.23 581.82 193.21 -1 -1 -1 -1000 -1000 -1000 -1.57 0.99947947
car -1 -1 1.00 1.34 192.31 32.98 248.36 -1 -1 -1 -1000 -1000 -1000 0.72 0.88790363
car -1 -1 0.93 216.27 188.28 314.41 229.72 -1 -1 -1 -1000 -1000 -1000 0.80 0.81169635
