car -1 -1 1.35 787.08 177.34 890.80 240.07 -1 -1 -1 -1000 -1000 -1000 1.17 0.99999559
car -1 -1 -1.73 180.58 188.55 254.21 228.87 -1 -1 -1 -1000 -1000 -1000 -1.60 0.99996519
car -1 -1 -1.90 312.97 199.37 436.53 266.71 -1 -1 -1 -1000 -1000 -1000 -1.75 0.99995697
car -1 -1 -1.61 138.46 182.86 169.20 207.66 -1 -1 -1 -1000 -1000 -1000 -1.48 0.99963152
car -1 -1 -1.91 441.66 160.33 712.82 305.60 -1 -1 -1 -1000 -1000 -1000 -1.71 0.99905390
car -1 -1 0.89 698.06 180.16 769.56 231.79 -1 -1 -1 -1000 -1000 -1000 0.76 0.99357915
car -1 -1 1.70 375.37 180.57 469.85 223.99 -1 -1 -1 -1000 -1000 -1000 1.41 0.98479396
car -1 -1 1.44 0.45 182.94 23.39 223.33 -1 -1 -1 -1000 -1000 -1000 1.20 0.90237278
car -1 -1 -0.35 855.71 163.52 1000.46 216.34 -1 -1 -1 -1000 -1000 -1000 -0.31 0.72800577
car -1 -1 1.47 722.32 172.62 829.99 219.35 -1 -1 -1 -1000 -1000 -1000 1.26 0.31859636
