car -1 -1 2.29 0.03 211.82 230.51 374.50 -1 -1 -1 -1000 -1000 -1000 1.93 0.99999297
car -1 -1 2.11 171.01 201.41 355.97 305.03 -1 -1 -1 -1000 -1000 -1000 1.80 0.99998212
car -1 -1 2.02 409.74 187.88 484.77 233.74 -1 -1 -1 -1000 -1000 -1000 1.76 0.99997985
car -1 -1 2.06 325.12 194.28 427.48 257.84 -1 -1 -1 -1000 -1000 -1000 1.78 0.99997759
car -1 -1 -1.57 673.10 174.98 751.77 227.69 -1 -1 -1 -1000 -1000 -1000 -1.46 0.99997425
car -1 -1 2.32 915.15 141.50 1193.64 217.66 -1 -1 -1 -1000 -1000 -1000 2.14 0.99996245
car -1 -1 1.72 453.78 183.77 505.63 222.44 -1 -1 -1 -1000 -1000 -1000 1.50 0.99950409
car -1 -1 1.80 488.41 184.29 527.26 209.87 -1 -1 -1 -1000 -1000 -1000 1.56 0.99528754
car -1 -1 -1.45 649.40 175.87 706.15 210.52 -1 -1 -1 -1000 -1000 -1000 -1.32 0.98201156
car -1 -1 1.16 802.68 153.01 1006.82 209.20 -1 -1 -1 -1000 -1000 -1000 0.65 0.89062178
car -1 -1 -1.35 593.62 173.18 621.79 190.47 -1 -1 -1 -1000 -1000 -1000 -1.24 0.21902005
car -1 -1 1.33 520.81 180.05 548.84 201.85 -1 -1 -1 -1000 -1000 -1000 1.17 0.07731849
