car -1 -1 2.32 0.18 199.13 200.86 374.50 -1 -1 -1 -1000 -1000 -1000 1.94 0.99999368
car -1 -1 2.06 291.56 195.77 416.83 267.64 -1 -1 -1 -1000 -1000 -1000 1.78 0.99997818
car -1 -1 1.98 379.97 188.45 459.39 239.74 -1 -1 -1 -1000 -1000 -1000 1.72 0.99997604
car -1 -1 2.00 443.27 187.17 498.97 224.62 -1 -1 -1 -1000 -1000 -1000 1.75 0.99997485
car -1 -1 2.17 152.71 203.48 351.91 307.89 -1 -1 -1 -1000 -1000 -1000 1.86 0.99997306
car -1 -1 -1.60 662.11 175.69 738.26 219.38 -1 -1 -1 -1000 -1000 -1000 -1.45 0.99994981
car -1 -1 -0.84 1162.47 130.60 1236.40 182.33 -1 -1 -1 -1000 -1000 -1000 -0.42 0.99991083
car -1 -1 2.37 837.15 143.08 1047.13 213.33 -1 -1 -1 -1000 -1000 -1000 2.12 0.99988031
car -1 -1 -0.72 600.56 171.56 620.84 187.50 -1 -1 -1 -1000 -1000 -1000 -0.70 0.93951458
car -1 -1 1.58 801.52 150.79 919.52 202.41 -1 -1 -1 -1000 -1000 -1000 1.12 0.91487092
