car -1 -1 -2.10 832.50 178.97 1128.19 366.01 -1 -1 -1 -1000 -1000 -1000 -1.86 0.99999738
car -1 -1 -1.73 755.14 182.91 891.70 271.10 -1 -1 -1 -1000 -1000 -1000 -1.59 0.99999547
car -1 -1 2.10 263.44 188.01 429.01 287.10 -1 -1 -1 -1000 -1000 -1000 1.82 0.99999321
car -1 -1 -1.75 709.02 179.23 807.35 241.50 -1 -1 -1 -1000 -1000 -1000 -1.64 0.99998093
car -1 -1 2.00 387.28 185.86 486.94 247.30 -1 -1 -1 -1000 -1000 -1000 1.76 0.99998081
car -1 -1 1.90 442.44 182.67 513.19 230.88 -1 -1 -1 -1000 -1000 -1000 1.66 0.99996865
car -1 -1 -1.74 693.57 177.50 751.15 221.10 -1 -1 -1 -1000 -1000 -1000 -1.61 0.99989390
car -1 -1 1.86 523.21 179.10 565.43 207.78 -1 -1 -1 -1000 -1000 -1000 1.63 0.99973649
car -1 -1 -1.76 1037.19 193.73 1235.87 374.50 -1 -1 -1 -1000 -1000 -1000 -1.47 0.99968863
car -1 -1 -1.73 1002.37 173.44 1132.77 221.08 -1 -1 -1 -1000 -1000 -1000 -1.39 0.97806871
car -1 -1 0.19 542.74 173.75 598.62 192.68 -1 -1 -1 -1000 -1000 -1000 0.08 0.97734809
