car -1 -1 -2.04 809.84 187.55 1049.02 334.02 -1 -1 -1 -1000 -1000 -1000 -1.84 0.99999642
car -1 -1 -1.82 744.73 179.15 866.38 266.83 -1 -1 -1 -1000 -1000 -1000 -1.69 0.99999559
car -1 -1 2.13 296.93 187.73 445.29 276.03 -1 -1 -1 -1000 -1000 -1000 1.84 0.99999285
car -1 -1 -1.90 710.09 177.37 798.92 240.49 -1 -1 -1 -1000 -1000 -1000 -1.76 0.99998701
car -1 -1 1.97 398.25 184.93 493.77 243.42 -1 -1 -1 -1000 -1000 -1000 1.74 0.99998081
car -1 -1 -1.95 970.68 184.80 1241.69 372.90 -1 -1 -1 -1000 -1000 -1000 -1.60 0.99994957
car -1 -1 1.91 449.73 183.90 521.46 229.36 -1 -1 -1 -1000 -1000 -1000 1.68 0.99993420
car -1 -1 -1.76 685.43 175.87 734.97 215.05 -1 -1 -1 -1000 -1000 -1000 -1.66 0.99992335
car -1 -1 1.82 528.09 180.09 567.67 207.32 -1 -1 -1 -1000 -1000 -1000 1.60 0.99955970
car -1 -1 1.50 541.23 177.49 590.37 196.75 -1 -1 -1 -1000 -1000 -1000 1.29 0.99173188
car -1 -1 -1.47 993.60 174.38 1106.36 216.16 -1 -1 -1 -1000 -1000 -1000 -1.14 0.57457459
