car -1 -1 -1.89 678.14 181.13 751.76 238.32 -1 -1 -1 -1000 -1000 -1000 -1.74 0.99999070
car -1 -1 -1.86 762.24 183.18 1020.29 357.99 -1 -1 -1 -1000 -1000 -1000 -1.67 0.99999070
car -1 -1 -2.02 908.01 219.91 1241.69 373.62 -1 -1 -1 -1000 -1000 -1000 -1.74 0.99998868
car -1 -1 -1.77 650.74 173.36 699.82 215.79 -1 -1 -1 -1000 -1000 -1000 -1.70 0.99998474
car -1 -1 -0.27 248.33 175.70 454.62 238.31 -1 -1 -1 -1000 -1000 -1000 0.39 0.99977022
car -1 -1 -1.38 111.62 172.35 362.67 292.73 -1 -1 -1 -1000 -1000 -1000 -0.93 0.99971551
car -1 -1 -1.15 3.02 168.35 156.78 373.86 -1 -1 -1 -1000 -1000 -1000 -0.67 0.99751055
car -1 -1 -1.39 376.49 169.41 506.12 217.85 -1 -1 -1 -1000 -1000 -1000 -0.77 0.97874874
car -1 -1 -1.56 453.42 176.22 518.91 212.90 -1 -1 -1 -1000 -1000 -1000 -1.00 0.87817293
car -1 -1 -0.08 489.76 174.14 541.45 204.56 -1 -1 -1 -1000 -1000 -1000 0.02 0.09294252
