car -1 -1 -1.83 715.21 180.39 809.08 235.86 -1 -1 -1 -1000 -1000 -1000 -1.73 0.99999356
car -1 -1 -1.85 747.01 180.99 877.59 267.10 -1 -1 -1 -1000 -1000 -1000 -1.72 0.99999106
car -1 -1 -2.04 803.70 181.52 1059.28 332.78 -1 -1 -1 -1000 -1000 -1000 -1.83 0.99998987
car -1 -1 2.00 398.07 186.94 494.11 245.40 -1 -1 -1 -1000 -1000 -1000 1.74 0.99998820
car -1 -1 1.83 460.04 181.08 525.10 227.04 -1 -1 -1 -1000 -1000 -1000 1.61 0.99994087
car -1 -1 1.84 546.05 178.50 580.51 201.95 -1 -1 -1 -1000 -1000 -1000 1.61 0.99974543
car -1 -1 1.83 493.40 181.89 543.65 212.14 -1 -1 -1 -1000 -1000 -1000 1.61 0.99961865
car -1 -1 -1.92 1006.13 181.73 1233.40 371.21 -1 -1 -1 -1000 -1000 -1000 -1.60 0.99910104
car -1 -1 -1.55 690.01 176.20 744.46 216.15 -1 -1 -1 -1000 -1000 -1000 -1.41 0.86477143
car -1 -1 -1.23 973.32 173.70 1058.93 208.07 -1 -1 -1 -1000 -1000 -1000 -1.14 0.07407770
