car -1 -1 -1.90 626.27 203.65 883.30 366.53 -1 -1 -1 -1000 -1000 -1000 -1.71 0.99999738
car -1 -1 2.09 0.00 222.12 242.15 371.55 -1 -1 -1 -1000 -1000 -1000 1.78 0.99999213
car -1 -1 -1.81 568.78 208.71 689.75 291.54 -1 -1 -1 -1000 -1000 -1000 -1.66 0.99997306
car -1 -1 1.93 175.13 217.46 304.05 303.07 -1 -1 -1 -1000 -1000 -1000 1.69 0.99996507
car -1 -1 -1.76 510.61 195.03 605.44 271.24 -1 -1 -1 -1000 -1000 -1000 -1.61 0.99995422
car -1 -1 -1.89 785.32 213.60 1229.89 370.13 -1 -1 -1 -1000 -1000 -1000 -1.61 0.99992692
car -1 -1 -1.67 468.70 197.88 512.30 236.38 -1 -1 -1 -1000 -1000 -1000 -1.59 0.99991357
car -1 -1 1.30 279.40 198.51 351.53 252.84 -1 -1 -1 -1000 -1000 -1000 1.15 0.99948078
car -1 -1 1.71 339.82 199.40 378.53 229.18 -1 -1 -1 -1000 -1000 -1000 1.55 0.99860209
car -1 -1 -1.60 485.71 199.77 542.45 247.90 -1 -1 -1 -1000 -1000 -1000 -1.45 0.98174930
