car -1 -1 -1.89 855.33 207.75 1241.69 374.16 -1 -1 -1 -1000 -1000 -1000 -1.64 0.99998820
car -1 -1 -1.76 695.77 173.32 811.17 269.03 -1 -1 -1 -1000 -1000 -1000 -1.63 0.99998331
car -1 -1 -1.84 650.81 174.60 697.90 218.26 -1 -1 -1 -1000 -1000 -1000 -1.77 0.99998260
car -1 -1 -0.40 156.83 182.59 395.17 273.89 -1 -1 -1 -1000 -1000 -1000 0.32 0.99993944
car -1 -1 -1.83 669.95 177.88 739.32 238.07 -1 -1 -1 -1000 -1000 -1000 -1.68 0.99981552
car -1 -1 -1.20 0.00 163.83 220.94 369.35 -1 -1 -1 -1000 -1000 -1000 -0.68 0.99977618
car -1 -1 -1.38 637.01 173.55 673.68 203.64 -1 -1 -1 -1000 -1000 -1000 -1.31 0.97512788
car -1 -1 -0.49 412.67 176.66 515.06 212.40 -1 -1 -1 -1000 -1000 -1000 -0.24 0.60097468
car -1 -1 -0.43 476.08 172.37 544.53 205.24 -1 -1 -1 -1000 -1000 -1000 0.00 0.40797597
car -1 -1 -0.76 305.29 185.12 418.76 245.99 -1 -1 -1 -1000 -1000 -1000 -0.46 0.36487091
car -1 -1 -1.26 621.34 173.03 641.73 189.10 -1 -1 -1 -1000 -1000 -1000 -1.13 0.29859439
