car -1 -1 2.31 0.21 202.37 219.46 374.50 -1 -1 -1 -1000 -1000 -1000 1.93 0.99999297
car -1 -1 -1.67 717.25 180.78 841.56 263.50 -1 -1 -1 -1000 -1000 -1000 -1.50 0.99999082
car -1 -1 2.16 242.72 192.34 406.15 278.73 -1 -1 -1 -1000 -1000 -1000 1.86 0.99998021
car -1 -1 -1.79 771.15 184.12 1026.41 325.30 -1 -1 -1 -1000 -1000 -1000 -1.59 0.99997842
car -1 -1 2.05 356.56 188.33 455.48 245.91 -1 -1 -1 -1000 -1000 -1000 1.78 0.99997568
car -1 -1 -1.80 560.91 176.33 599.80 195.85 -1 -1 -1 -1000 -1000 -1000 -1.68 0.99995720
car -1 -1 1.89 440.97 185.72 504.73 228.05 -1 -1 -1 -1000 -1000 -1000 1.64 0.99995637
car -1 -1 1.71 986.59 145.95 1241.69 261.70 -1 -1 -1 -1000 -1000 -1000 1.73 0.99993920
car -1 -1 0.05 683.17 182.90 743.63 232.86 -1 -1 -1 -1000 -1000 -1000 0.01 0.99992704
car -1 -1 -1.56 649.55 180.74 694.25 211.90 -1 -1 -1 -1000 -1000 -1000 -1.44 0.99981636
car -1 -1 1.71 503.02 182.22 536.39 207.60 -1 -1 -1 -1000 -1000 -1000 1.49 0.99728370
