car -1 -1 2.21 167.62 177.43 354.20 285.07 -1 -1 -1 -1000 -1000 -1000 1.92 0.99999571
car -1 -1 2.21 688.91 166.89 778.34 194.13 -1 -1 -1 -1000 -1000 -1000 1.95 0.99998152
car -1 -1 1.95 321.94 179.37 425.29 247.08 -1 -1 -1 -1000 -1000 -1000 1.69 0.99998105
car -1 -1 -2.00 895.87 167.03 1241.69 366.25 -1 -1 -1 -1000 -1000 -1000 -1.70 0.99997842
car -1 -1 1.11 428.42 185.53 479.43 215.10 -1 -1 -1 -1000 -1000 -1000 0.98 0.99993980
car -1 -1 1.80 517.71 179.37 557.76 207.24 -1 -1 -1 -1000 -1000 -1000 1.57 0.99993908
car -1 -1 -1.49 631.01 173.82 657.57 194.49 -1 -1 -1 -1000 -1000 -1000 -1.42 0.99981838
car -1 -1 1.72 490.99 179.92 524.45 203.72 -1 -1 -1 -1000 -1000 -1000 1.50 0.99971288
car -1 -1 2.09 0.66 237.38 92.89 370.71 -1 -1 -1 -1000 -1000 -1000 1.74 0.99774349
car -1 -1 -0.91 1057.38 151.47 1235.79 217.15 -1 -1 -1 -1000 -1000 -1000 -0.75 0.97593212
