car -1 -1 -1.63 702.28 170.08 828.95 273.49 -1 -1 -1 -1000 -1000 -1000 -1.52 0.99999237
car -1 -1 -2.13 917.64 197.14 1241.69 374.13 -1 -1 -1 -1000 -1000 -1000 -1.81 0.99998784
car -1 -1 1.93 292.26 190.00 456.30 308.30 -1 -1 -1 -1000 -1000 -1000 1.69 0.99998224
car -1 -1 -1.65 650.18 175.49 707.37 218.97 -1 -1 -1 -1000 -1000 -1000 -1.58 0.99997926
car -1 -1 1.71 0.84 194.71 346.07 363.89 -1 -1 -1 -1000 -1000 -1000 1.47 0.99996877
car -1 -1 -1.87 787.52 197.18 1049.89 333.34 -1 -1 -1 -1000 -1000 -1000 -1.63 0.99995601
car -1 -1 0.63 451.68 165.78 533.62 231.30 -1 -1 -1 -1000 -1000 -1000 0.58 0.99979478
car -1 -1 -1.49 679.13 172.79 764.53 235.96 -1 -1 -1 -1000 -1000 -1000 -1.38 0.99183732
car -1 -1 1.59 517.43 174.89 556.47 203.23 -1 -1 -1 -1000 -1000 -1000 1.44 0.98071355
car -1 -1 -1.57 629.58 171.43 666.50 201.44 -1 -1 -1 -1000 -1000 -1000 -1.40 0.41333076
