car -1 -1 -1.91 704.66 170.71 849.77 289.65 -1 -1 -1 -1000 -1000 -1000 -1.76 0.99999380
car -1 -1 -1.79 677.26 179.39 757.33 243.35 -1 -1 -1 -1000 -1000 -1000 -1.66 0.99997091
car -1 -1 -1.83 651.60 172.97 708.25 222.26 -1 -1 -1 -1000 -1000 -1000 -1.74 0.99996746
car -1 -1 0.33 77.15 184.90 356.58 300.83 -1 -1 -1 -1000 -1000 -1000 0.83 0.99991250
car -1 -1 -0.71 453.99 178.28 537.98 214.13 -1 -1 -1 -1000 -1000 -1000 -0.04 0.99925762
car -1 -1 -0.86 245.60 185.03 396.83 265.33 -1 -1 -1 -1000 -1000 -1000 -0.36 0.99811709
car -1 -1 -1.39 621.37 175.17 642.26 191.65 -1 -1 -1 -1000 -1000 -1000 -1.29 0.98878223
car -1 -1 -1.35 640.91 174.06 677.09 205.56 -1 -1 -1 -1000 -1000 -1000 -1.27 0.90168673
car -1 -1 0.09 0.00 182.12 73.87 374.50 -1 -1 -1 -1000 -1000 -1000 0.39 0.81839043
car -1 -1 -1.72 1012.83 215.43 1240.04 373.65 -1 -1 -1 -1000 -1000 -1000 -1.41 0.46412039
