car -1 -1 -1.85 314.76 185.73 376.71 224.69 -1 -1 -1 -1000 -1000 -1000 -1.73 0.99997890
car -1 -1 -1.88 432.90 192.10 550.38 269.02 -1 -1 -1 -1000 -1000 -1000 -1.72 0.99995494
car -1 -1 1.08 939.45 161.62 1092.92 240.84 -1 -1 -1 -1000 -1000 -1000 1.01 0.99988008
car -1 -1 1.80 0.38 207.02 66.11 310.57 -1 -1 -1 -1000 -1000 -1000 1.54 0.99979252
car -1 -1 2.02 111.12 186.83 171.87 219.51 -1 -1 -1 -1000 -1000 -1000 1.74 0.99961299
car -1 -1 -1.48 281.33 179.75 308.03 202.13 -1 -1 -1 -1000 -1000 -1000 -1.37 0.99516642
car -1 -1 -1.96 563.43 159.56 898.82 330.60 -1 -1 -1 -1000 -1000 -1000 -1.71 0.99344939
car -1 -1 0.25 803.95 170.10 941.73 238.68 -1 -1 -1 -1000 -1000 -1000 0.25 0.99262214
car -1 -1 1.81 489.49 169.88 587.54 209.51 -1 -1 -1 -1000 -1000 -1000 1.56 0.96727383
car -1 -1 -0.39 1015.48 154.25 1238.97 213.66 -1 -1 -1 -1000 -1000 -1000 -0.26 0.95226377
