car -1 -1 -1.81 699.95 186.45 784.61 260.17 -1 -1 -1 -1000 -1000 -1000 -1.67 0.99997461
car -1 -1 -0.57 262.94 179.72 453.95 255.98 -1 -1 -1 -1000 -1000 -1000 0.42 0.99987984
car -1 -1 -1.74 637.41 178.97 664.99 201.13 -1 -1 -1 -1000 -1000 -1000 -1.63 0.99984634
car -1 -1 -0.29 737.77 175.31 904.51 232.56 -1 -1 -1 -1000 -1000 -1000 -0.20 0.99980861
car -1 -1 -1.31 2.58 187.22 257.21 319.94 -1 -1 -1 -1000 -1000 -1000 -0.72 0.99956709
car -1 -1 -1.50 394.59 176.51 491.86 222.77 -1 -1 -1 -1000 -1000 -1000 -0.88 0.99954188
car -1 -1 -1.89 970.41 174.43 1241.69 368.47 -1 -1 -1 -1000 -1000 -1000 -1.57 0.99930918
car -1 -1 -0.84 470.85 178.88 545.41 208.82 -1 -1 -1 -1000 -1000 -1000 -0.21 0.48943990
car -1 -1 0.66 212.13 188.84 323.89 232.59 -1 -1 -1 -1000 -1000 -1000 0.62 0.17636625
car -1 -1 0.36 0.00 149.70 100.47 293.52 -1 -1 -1 -1000 -1000 -1000 0.26 0.14861450
