car -1 -1 -1.82 638.42 181.18 674.69 211.47 -1 -1 -1 -1000 -1000 -1000 -1.71 0.99994993
car -1 -1 -0.44 719.71 180.42 860.73 232.57 -1 -1 -1 -1000 -1000 -1000 -0.39 0.99990058
car -1 -1 -0.29 0.05 191.75 138.84 374.50 -1 -1 -1 -1000 -1000 -1000 0.79 0.99988723
car -1 -1 -0.08 177.80 178.20 428.44 268.52 -1 -1 -1 -1000 -1000 -1000 0.50 0.99982637
car -1 -1 -0.48 900.55 188.54 1178.44 291.95 -1 -1 -1 -1000 -1000 -1000 -0.32 0.99982077
car -1 -1 -0.10 420.79 174.30 519.44 211.75 -1 -1 -1 -1000 -1000 -1000 -0.11 0.99898332
car -1 -1 -0.89 36.13 187.80 301.33 325.22 -1 -1 -1 -1000 -1000 -1000 0.08 0.99626094
car -1 -1 -0.54 366.90 178.65 486.21 228.91 -1 -1 -1 -1000 -1000 -1000 0.40 0.98594022
car -1 -1 -0.50 841.57 181.67 1026.97 269.38 -1 -1 -1 -1000 -1000 -1000 -0.39 0.97672588
car -1 -1 -0.20 560.64 175.76 582.93 194.53 -1 -1 -1 -1000 -1000 -1000 -0.15 0.24091326
