car -1 -1 -1.81 778.19 175.15 1214.27 374.17 -1 -1 -1 -1000 -1000 -1000 -1.58 0.99999523
car -1 -1 2.20 2.58 207.62 252.88 368.12 -1 -1 -1 -1000 -1000 -1000 1.86 0.99999487
car -1 -1 2.12 272.79 176.87 410.81 261.84 -1 -1 -1 -1000 -1000 -1000 1.83 0.99998724
car -1 -1 1.96 366.94 179.06 459.71 234.95 -1 -1 -1 -1000 -1000 -1000 1.71 0.99998546
car -1 -1 2.21 691.95 170.29 777.30 195.21 -1 -1 -1 -1000 -1000 -1000 1.99 0.99997866
car -1 -1 1.76 531.41 178.89 567.43 203.38 -1 -1 -1 -1000 -1000 -1000 1.55 0.99981397
car -1 -1 -1.19 633.90 176.94 659.37 196.45 -1 -1 -1 -1000 -1000 -1000 -1.15 0.99969542
car -1 -1 1.47 451.34 183.66 495.43 212.72 -1 -1 -1 -1000 -1000 -1000 1.30 0.99954671
car -1 -1 1.73 503.12 180.64 536.18 202.21 -1 -1 -1 -1000 -1000 -1000 1.51 0.99906749
car -1 -1 0.30 982.25 158.55 1119.77 215.09 -1 -1 -1 -1000 -1000 -1000 0.31 0.16315733
