car -1 -1 -1.94 899.28 192.03 1241.69 372.14 -1 -1 -1 -1000 -1000 -1000 -1.65 0.99999118
car -1 -1 -1.89 709.09 178.94 786.51 230.87 -1 -1 -1 -1000 -1000 -1000 -1.77 0.99998093
car -1 -1 -2.04 777.22 179.08 969.90 299.41 -1 -1 -1 -1000 -1000 -1000 -1.83 0.99997973
car -1 -1 1.96 420.00 185.37 509.29 239.95 -1 -1 -1 -1000 -1000 -1000 1.73 0.99997044
car -1 -1 1.92 472.09 180.97 533.49 225.50 -1 -1 -1 -1000 -1000 -1000 1.68 0.99992120
car -1 -1 1.86 552.67 177.80 587.36 200.27 -1 -1 -1 -1000 -1000 -1000 1.63 0.99980181
car -1 -1 -1.70 744.77 182.14 845.04 254.14 -1 -1 -1 -1000 -1000 -1000 -1.53 0.99955148
car -1 -1 1.71 505.33 182.68 553.74 214.93 -1 -1 -1 -1000 -1000 -1000 1.50 0.99755621
car -1 -1 -1.44 862.09 169.06 931.03 196.84 -1 -1 -1 -1000 -1000 -1000 -1.36 0.99658704
car -1 -1 -1.17 938.15 171.69 1066.72 213.30 -1 -1 -1 -1000 -1000 -1000 -1.07 0.17925201
