car -1 -1 -2.04 729.25 184.53 977.95 338.30 -1 -1 -1 -1000 -1000 -1000 -1.85 0.99999118
car -1 -1 -0.99 727.53 174.41 818.98 215.96 -1 -1 -1 -1000 -1000 -1000 -0.88 0.99989665
car -1 -1 -0.62 365.03 169.90 519.31 217.78 -1 -1 -1 -1000 -1000 -1000 -0.17 0.99987173
car -1 -1 -0.04 3.21 205.94 105.95 364.74 -1 -1 -1 -1000 -1000 -1000 0.71 0.99976391
car -1 -1 -1.72 634.69 174.93 659.63 196.65 -1 -1 -1 -1000 -1000 -1000 -1.63 0.99976176
car -1 -1 -0.54 688.01 174.33 756.92 202.58 -1 -1 -1 -1000 -1000 -1000 -0.40 0.99925750
car -1 -1 -0.54 860.97 176.30 1042.33 272.82 -1 -1 -1 -1000 -1000 -1000 -0.54 0.99894220
car -1 -1 -0.02 469.93 171.56 545.47 199.95 -1 -1 -1 -1000 -1000 -1000 -0.07 0.99539870
car -1 -1 -1.42 222.12 152.07 433.45 249.41 -1 -1 -1 -1000 -1000 -1000 -1.35 0.99281633
car -1 -1 -0.88 48.00 165.07 386.94 283.39 -1 -1 -1 -1000 -1000 -1000 -0.31 0.97870493
car -1 -1 -0.76 803.92 181.38 928.09 225.83 -1 -1 -1 -1000 -1000 -1000 -0.78 0.93014091
car -1 -1 -1.03 37.26 174.85 172.22 314.55 -1 -1 -1 -1000 -1000 -1000 -0.41 0.16898820
