car -1 -1 -1.86 726.90 169.21 904.93 310.17 -1 -1 -1 -1000 -1000 -1000 -1.71 0.99998295
car -1 -1 -1.73 659.75 173.60 718.85 223.34 -1 -1 -1 -1000 -1000 -1000 -1.64 0.99997103
car -1 -1 0.36 17.34 195.77 282.82 352.23 -1 -1 -1 -1000 -1000 -1000 1.13 0.99995804
car -1 -1 -1.78 681.09 183.93 791.68 255.14 -1 -1 -1 -1000 -1000 -1000 -1.66 0.99988449
car -1 -1 -0.34 442.90 179.96 525.03 219.36 -1 -1 -1 -1000 -1000 -1000 0.33 0.99987328
car -1 -1 -1.47 621.66 174.73 647.71 194.12 -1 -1 -1 -1000 -1000 -1000 -1.38 0.99847239
car -1 -1 -1.42 641.19 174.84 682.61 204.93 -1 -1 -1 -1000 -1000 -1000 -1.35 0.99633139
car -1 -1 -1.44 140.29 188.52 354.80 288.18 -1 -1 -1 -1000 -1000 -1000 -0.80 0.99517196
car -1 -1 0.02 0.00 227.05 104.77 374.50 -1 -1 -1 -1000 -1000 -1000 0.59 0.98621619
car -1 -1 0.17 380.70 182.84 458.32 221.36 -1 -1 -1 -1000 -1000 -1000 0.01 0.05224770
