car -1 -1 -1.74 700.25 175.36 786.53 235.83 -1 -1 -1 -1000 -1000 -1000 -1.59 0.99998641
car -1 -1 2.17 0.00 224.22 120.47 374.39 -1 -1 -1 -1000 -1000 -1000 1.82 0.99998605
car -1 -1 2.12 275.43 195.13 411.65 266.44 -1 -1 -1 -1000 -1000 -1000 1.82 0.99997783
car -1 -1 1.96 977.73 136.34 1241.69 227.88 -1 -1 -1 -1000 -1000 -1000 1.94 0.99997008
car -1 -1 2.21 61.78 207.05 306.43 332.88 -1 -1 -1 -1000 -1000 -1000 1.88 0.99996626
car -1 -1 1.93 391.33 186.88 477.67 237.67 -1 -1 -1 -1000 -1000 -1000 1.68 0.99996185
car -1 -1 1.85 479.58 183.28 526.20 213.74 -1 -1 -1 -1000 -1000 -1000 1.61 0.99980932
car -1 -1 1.78 442.60 186.36 498.03 225.60 -1 -1 -1 -1000 -1000 -1000 1.55 0.99979550
car -1 -1 -1.51 655.25 175.42 705.90 210.52 -1 -1 -1 -1000 -1000 -1000 -1.43 0.99909127
car -1 -1 1.53 882.69 152.34 1049.67 215.95 -1 -1 -1 -1000 -1000 -1000 1.11 0.99091804
car -1 -1 -1.47 590.18 172.04 618.06 189.68 -1 -1 -1 -1000 -1000 -1000 -1.36 0.89305115
car -1 -1 1.65 517.35 179.71 549.07 202.30 -1 -1 -1 -1000 -1000 -1000 1.45 0.86246854
