car -1 -1 -1.97 837.95 207.90 1234.61 374.50 -1 -1 -1 -1000 -1000 -1000 -1.69 0.99997473
car -1 -1 1.48 816.51 196.74 1077.92 279.94 -1 -1 -1 -1000 -1000 -1000 1.39 0.99997258
car -1 -1 -1.81 640.56 193.95 666.76 215.88 -1 -1 -1 -1000 -1000 -1000 -1.70 0.99995995
car -1 -1 -0.66 304.52 189.70 497.81 247.81 -1 -1 -1 -1000 -1000 -1000 0.17 0.99994242
car -1 -1 -0.82 702.93 192.35 777.20 229.12 -1 -1 -1 -1000 -1000 -1000 -0.72 0.99975270
car -1 -1 -0.54 761.85 193.35 904.82 244.39 -1 -1 -1 -1000 -1000 -1000 -0.38 0.99963057
car -1 -1 -0.11 461.99 187.92 540.91 220.65 -1 -1 -1 -1000 -1000 -1000 -0.11 0.99858093
car -1 -1 -0.06 11.23 119.26 287.40 358.58 -1 -1 -1 -1000 -1000 -1000 -0.12 0.89509743
car -1 -1 0.67 577.45 189.69 595.53 204.99 -1 -1 -1 -1000 -1000 -1000 0.64 0.13774401
car -1 -1 0.60 3.41 77.30 178.59 228.60 -1 -1 -1 -1000 -1000 -1000 0.47 0.10926379
