car -1 -1 -1.71 745.44 175.93 969.52 313.54 -1 -1 -1 -1000 -1000 -1000 -1.57 0.99999738
car -1 -1 2.14 113.41 199.32 343.30 309.24 -1 -1 -1 -1000 -1000 -1000 1.84 0.99999189
car -1 -1 2.02 340.86 177.70 443.44 239.71 -1 -1 -1 -1000 -1000 -1000 1.76 0.99997723
car -1 -1 2.23 0.00 214.53 150.61 374.50 -1 -1 -1 -1000 -1000 -1000 1.86 0.99997139
car -1 -1 1.89 399.98 175.67 482.25 228.08 -1 -1 -1 -1000 -1000 -1000 1.65 0.99997139
car -1 -1 1.79 547.34 177.53 577.93 199.93 -1 -1 -1 -1000 -1000 -1000 1.58 0.99989140
car -1 -1 2.01 693.77 164.53 763.21 191.17 -1 -1 -1 -1000 -1000 -1000 1.57 0.99989104
car -1 -1 -1.33 637.04 174.86 661.54 193.85 -1 -1 -1 -1000 -1000 -1000 -1.29 0.99980909
car -1 -1 1.51 515.67 178.75 544.21 200.02 -1 -1 -1 -1000 -1000 -1000 1.33 0.99966335
car -1 -1 1.27 464.08 182.62 514.71 210.60 -1 -1 -1 -1000 -1000 -1000 1.13 0.99889565
