car -1 -1 2.24 0.00 204.10 239.48 371.35 -1 -1 -1 -1000 -1000 -1000 1.89 0.99999404
car -1 -1 -1.91 922.70 188.35 1238.74 374.50 -1 -1 -1 -1000 -1000 -1000 -1.65 0.99999011
car -1 -1 1.94 433.33 188.57 493.54 225.88 -1 -1 -1 -1000 -1000 -1000 1.69 0.99997067
car -1 -1 -1.30 171.16 198.40 243.46 231.38 -1 -1 -1 -1000 -1000 -1000 -1.29 0.99993682
car -1 -1 -1.31 230.53 198.70 296.49 228.40 -1 -1 -1 -1000 -1000 -1000 -1.14 0.99981648
car -1 -1 -1.33 610.82 176.72 665.97 202.48 -1 -1 -1 -1000 -1000 -1000 -1.27 0.99978358
car -1 -1 1.61 471.72 189.20 509.28 215.94 -1 -1 -1 -1000 -1000 -1000 1.41 0.99955970
car -1 -1 -1.57 647.82 173.72 696.60 206.85 -1 -1 -1 -1000 -1000 -1000 -1.45 0.99935192
car -1 -1 1.62 492.28 178.39 529.70 206.80 -1 -1 -1 -1000 -1000 -1000 1.43 0.99703741
car -1 -1 -1.28 87.78 210.30 156.86 238.82 -1 -1 -1 -1000 -1000 -1000 -1.12 0.74466419
