car -1 -1 -1.98 829.88 189.58 1143.32 360.31 -1 -1 -1 -1000 -1000 -1000 -1.73 0.99999332
car -1 -1 1.90 0.00 204.06 326.34 373.46 -1 -1 -1 -1000 -1000 -1000 1.63 0.99999285
car -1 -1 -1.62 726.42 174.43 864.96 278.90 -1 -1 -1 -1000 -1000 -1000 -1.50 0.99999154
car -1 -1 2.08 279.75 194.65 464.06 322.62 -1 -1 -1 -1000 -1000 -1000 1.80 0.99998832
car -1 -1 -1.62 668.06 178.62 727.37 224.63 -1 -1 -1 -1000 -1000 -1000 -1.54 0.99995112
car -1 -1 1.03 464.29 167.22 544.66 239.26 -1 -1 -1 -1000 -1000 -1000 0.90 0.99978596
car -1 -1 -1.19 693.20 177.76 792.78 236.62 -1 -1 -1 -1000 -1000 -1000 -1.14 0.99803108
car -1 -1 1.70 536.15 171.89 575.41 206.62 -1 -1 -1 -1000 -1000 -1000 1.54 0.99183756
car -1 -1 -1.43 659.24 178.34 693.59 208.34 -1 -1 -1 -1000 -1000 -1000 -1.32 0.84507328
car -1 -1 -1.79 1004.86 214.44 1240.94 373.29 -1 -1 -1 -1000 -1000 -1000 -1.50 0.65248537
