car -1 -1 2.30 0.76 202.48 285.03 352.82 -1 -1 -1 -1000 -1000 -1000 1.97 0.99999797
car -1 -1 -1.75 713.39 175.53 870.44 275.49 -1 -1 -1 -1000 -1000 -1000 -1.62 0.99999714
car -1 -1 2.15 239.77 197.90 395.27 279.03 -1 -1 -1 -1000 -1000 -1000 1.83 0.99998653
car -1 -1 1.90 433.42 178.52 495.12 221.33 -1 -1 -1 -1000 -1000 -1000 1.66 0.99994969
car -1 -1 1.93 384.65 177.93 473.92 236.30 -1 -1 -1 -1000 -1000 -1000 1.70 0.99994624
car -1 -1 1.60 555.98 177.92 583.09 199.16 -1 -1 -1 -1000 -1000 -1000 1.41 0.99989760
car -1 -1 -0.20 522.04 180.89 548.32 200.35 -1 -1 -1 -1000 -1000 -1000 -0.25 0.99929547
car -1 -1 -1.40 635.72 175.63 661.43 193.44 -1 -1 -1 -1000 -1000 -1000 -1.34 0.99847287
car -1 -1 1.24 691.88 168.89 763.76 194.37 -1 -1 -1 -1000 -1000 -1000 0.92 0.99823523
car -1 -1 0.94 481.48 180.97 521.25 208.10 -1 -1 -1 -1000 -1000 -1000 0.82 0.68456239
