car -1 -1 -2.05 855.37 192.19 1230.31 374.50 -1 -1 -1 -1000 -1000 -1000 -1.81 0.99999619
car -1 -1 -1.86 762.54 182.63 914.63 283.18 -1 -1 -1 -1000 -1000 -1000 -1.69 0.99999571
car -1 -1 2.15 225.92 190.05 418.95 296.82 -1 -1 -1 -1000 -1000 -1000 1.85 0.99999475
car -1 -1 -1.80 718.79 178.29 817.91 247.18 -1 -1 -1 -1000 -1000 -1000 -1.68 0.99997914
car -1 -1 -1.79 697.39 178.85 757.42 223.79 -1 -1 -1 -1000 -1000 -1000 -1.69 0.99997878
car -1 -1 2.03 366.76 185.79 482.03 254.54 -1 -1 -1 -1000 -1000 -1000 1.77 0.99996698
car -1 -1 2.05 430.06 182.08 508.97 233.79 -1 -1 -1 -1000 -1000 -1000 1.78 0.99996543
car -1 -1 1.86 519.32 179.81 566.39 208.85 -1 -1 -1 -1000 -1000 -1000 1.63 0.99985611
car -1 -1 -1.46 1040.28 175.14 1135.87 206.07 -1 -1 -1 -1000 -1000 -1000 -1.16 0.64101535
car -1 -1 0.11 553.37 174.64 602.13 192.49 -1 -1 -1 -1000 -1000 -1000 -0.02 0.52321982
