car -1 -1 2.35 0.00 206.49 244.56 370.36 -1 -1 -1 -1000 -1000 -1000 1.99 0.99999905
car -1 -1 -1.76 719.68 171.17 895.91 287.19 -1 -1 -1 -1000 -1000 -1000 -1.64 0.99999642
car -1 -1 2.15 209.22 195.07 385.84 287.57 -1 -1 -1 -1000 -1000 -1000 1.84 0.99999201
car -1 -1 1.90 419.63 178.41 492.55 226.34 -1 -1 -1 -1000 -1000 -1000 1.66 0.99996078
car -1 -1 1.92 370.90 173.95 464.44 239.97 -1 -1 -1 -1000 -1000 -1000 1.67 0.99994266
car -1 -1 0.26 522.32 181.33 547.15 201.05 -1 -1 -1 -1000 -1000 -1000 0.17 0.99986970
car -1 -1 1.60 554.89 178.82 581.88 200.64 -1 -1 -1 -1000 -1000 -1000 1.41 0.99986565
car -1 -1 -1.37 636.16 175.73 662.30 193.97 -1 -1 -1 -1000 -1000 -1000 -1.32 0.99906164
car -1 -1 1.18 691.01 171.01 763.95 194.62 -1 -1 -1 -1000 -1000 -1000 0.81 0.99874902
car -1 -1 1.01 477.50 183.72 520.88 211.95 -1 -1 -1 -1000 -1000 -1000 0.90 0.89061648
