car -1 -1 -1.34 440.72 186.28 506.15 231.99 -1 -1 -1 -1000 -1000 -1000 -1.29 0.99995077
car -1 -1 -1.77 579.16 181.96 611.78 213.11 -1 -1 -1 -1000 -1000 -1000 -1.67 0.99994147
car -1 -1 -0.54 314.97 195.62 453.58 283.31 -1 -1 -1 -1000 -1000 -1000 -0.52 0.99990964
car -1 -1 1.28 285.82 191.39 365.99 235.78 -1 -1 -1 -1000 -1000 -1000 1.14 0.99970102
car -1 -1 -1.12 57.80 181.15 266.95 269.59 -1 -1 -1 -1000 -1000 -1000 -1.11 0.99963081
car -1 -1 -1.58 480.86 185.79 520.40 215.76 -1 -1 -1 -1000 -1000 -1000 -1.50 0.99946910
car -1 -1 -1.59 387.72 180.85 442.21 214.27 -1 -1 -1 -1000 -1000 -1000 -1.44 0.98643923
car -1 -1 -1.20 502.91 181.13 541.84 208.12 -1 -1 -1 -1000 -1000 -1000 -1.08 0.87392747
car -1 -1 -1.32 251.97 225.95 367.96 305.46 -1 -1 -1 -1000 -1000 -1000 -1.25 0.45254055
car -1 -1 0.73 0.00 231.79 68.00 305.31 -1 -1 -1 -1000 -1000 -1000 0.52 0.18928334
