car -1 -1 0.43 712.69 182.17 807.29 252.21 -1 -1 -1 -1000 -1000 -1000 0.36 0.99999702
car -1 -1 2.15 0.00 206.10 244.58 373.79 -1 -1 -1 -1000 -1000 -1000 1.82 0.99999142
car -1 -1 -1.88 814.31 188.46 1226.25 374.50 -1 -1 -1 -1000 -1000 -1000 -1.66 0.99998581
car -1 -1 1.99 376.40 186.09 470.60 241.54 -1 -1 -1 -1000 -1000 -1000 1.72 0.99998200
car -1 -1 2.09 188.55 191.43 366.38 292.70 -1 -1 -1 -1000 -1000 -1000 1.77 0.99997818
car -1 -1 -1.83 657.56 177.33 713.70 213.40 -1 -1 -1 -1000 -1000 -1000 -1.70 0.99994957
car -1 -1 -1.50 681.11 180.17 759.32 228.91 -1 -1 -1 -1000 -1000 -1000 -1.41 0.99994099
car -1 -1 1.83 477.97 179.25 520.65 210.93 -1 -1 -1 -1000 -1000 -1000 1.60 0.99993527
car -1 -1 -1.13 518.90 175.25 564.78 196.55 -1 -1 -1 -1000 -1000 -1000 -1.09 0.65664345
car -1 -1 0.67 158.74 187.47 243.99 222.30 -1 -1 -1 -1000 -1000 -1000 0.44 0.31690875
