car -1 -1 -1.94 514.30 185.81 650.22 268.69 -1 -1 -1 -1000 -1000 -1000 -1.80 0.99999166
car -1 -1 -1.87 409.44 179.52 466.77 219.62 -1 -1 -1 -1000 -1000 -1000 -1.76 0.99998641
car -1 -1 1.91 222.37 183.07 267.30 215.13 -1 -1 -1 -1000 -1000 -1000 1.67 0.99994755
car -1 -1 1.83 0.00 202.82 104.41 374.50 -1 -1 -1 -1000 -1000 -1000 1.61 0.99980861
car -1 -1 0.59 1112.06 150.12 1235.78 235.96 -1 -1 -1 -1000 -1000 -1000 0.84 0.99854457
car -1 -1 -2.01 742.53 141.74 1110.22 370.92 -1 -1 -1 -1000 -1000 -1000 -1.71 0.97447246
car -1 -1 1.78 576.95 164.43 678.79 200.92 -1 -1 -1 -1000 -1000 -1000 1.47 0.96766347
car -1 -1 0.29 1.95 187.90 84.23 224.94 -1 -1 -1 -1000 -1000 -1000 0.15 0.95927942
car -1 -1 -1.46 385.39 177.42 411.30 198.86 -1 -1 -1 -1000 -1000 -1000 -1.33 0.69175696
car -1 -1 -1.17 961.41 145.12 1186.43 259.65 -1 -1 -1 -1000 -1000 -1000 -0.99 0.23933698
