car -1 -1 2.29 0.00 208.72 247.21 374.50 -1 -1 -1 -1000 -1000 -1000 1.93 0.99999738
car -1 -1 -1.78 709.83 174.31 822.27 248.85 -1 -1 -1 -1000 -1000 -1000 -1.60 0.99999297
car -1 -1 2.19 208.55 196.47 383.24 283.49 -1 -1 -1 -1000 -1000 -1000 1.88 0.99997842
car -1 -1 2.02 367.58 189.51 462.23 246.27 -1 -1 -1 -1000 -1000 -1000 1.76 0.99997580
car -1 -1 -1.80 685.10 177.62 761.27 229.16 -1 -1 -1 -1000 -1000 -1000 -1.68 0.99996924
car -1 -1 1.82 473.80 183.60 524.20 216.04 -1 -1 -1 -1000 -1000 -1000 1.58 0.99985540
car -1 -1 -1.65 661.67 177.82 714.95 216.55 -1 -1 -1 -1000 -1000 -1000 -1.54 0.99977535
car -1 -1 1.43 1031.73 126.43 1235.84 242.63 -1 -1 -1 -1000 -1000 -1000 1.44 0.99971360
car -1 -1 -1.58 585.03 173.69 615.86 192.31 -1 -1 -1 -1000 -1000 -1000 -1.49 0.99969673
car -1 -1 1.80 432.65 183.62 492.32 227.62 -1 -1 -1 -1000 -1000 -1000 1.58 0.99949539
car -1 -1 1.71 912.09 143.32 1135.06 221.64 -1 -1 -1 -1000 -1000 -1000 1.60 0.98734623
car -1 -1 -1.40 643.35 178.50 681.89 204.53 -1 -1 -1 -1000 -1000 -1000 -1.30 0.98517913
car -1 -1 1.49 514.25 183.42 544.50 205.45 -1 -1 -1 -1000 -1000 -1000 1.31 0.33091006
