car -1 -1 -1.83 772.67 176.48 1023.94 340.83 -1 -1 -1 -1000 -1000 -1000 -1.64 0.99999595
car -1 -1 0.86 702.62 181.40 779.82 247.77 -1 -1 -1 -1000 -1000 -1000 0.74 0.99999404
car -1 -1 2.19 0.00 202.28 303.51 356.23 -1 -1 -1 -1000 -1000 -1000 1.87 0.99999011
car -1 -1 -1.44 681.12 181.12 740.51 222.87 -1 -1 -1 -1000 -1000 -1000 -1.36 0.99998391
car -1 -1 2.12 255.75 188.87 404.89 274.89 -1 -1 -1 -1000 -1000 -1000 1.83 0.99996555
car -1 -1 -2.01 929.30 201.14 1240.68 373.84 -1 -1 -1 -1000 -1000 -1000 -1.70 0.99996328
car -1 -1 1.97 401.39 186.67 483.05 236.91 -1 -1 -1 -1000 -1000 -1000 1.70 0.99994564
car -1 -1 1.90 486.42 180.49 526.74 210.62 -1 -1 -1 -1000 -1000 -1000 1.66 0.99993527
car -1 -1 -1.76 654.41 178.29 711.87 213.99 -1 -1 -1 -1000 -1000 -1000 -1.61 0.99987018
car -1 -1 -1.63 534.00 176.27 578.13 198.25 -1 -1 -1 -1000 -1000 -1000 -1.54 0.99627018
car -1 -1 1.13 188.47 186.78 304.40 233.80 -1 -1 -1 -1000 -1000 -1000 0.97 0.96936762
