car -1 -1 1.98 234.86 199.69 438.14 315.28 -1 -1 -1 -1000 -1000 -1000 1.72 0.99999177
car -1 -1 2.17 0.99 203.93 275.07 374.50 -1 -1 -1 -1000 -1000 -1000 1.82 0.99999046
car -1 -1 1.82 792.75 156.02 1022.00 228.72 -1 -1 -1 -1000 -1000 -1000 1.72 0.99998081
car -1 -1 -1.72 662.97 182.07 713.85 220.26 -1 -1 -1 -1000 -1000 -1000 -1.63 0.99998045
car -1 -1 1.77 478.04 184.79 515.86 211.23 -1 -1 -1 -1000 -1000 -1000 1.55 0.99987125
car -1 -1 -0.94 425.59 189.83 480.90 226.97 -1 -1 -1 -1000 -1000 -1000 -0.89 0.99606651
car -1 -1 -1.34 934.07 159.65 1024.45 193.47 -1 -1 -1 -1000 -1000 -1000 -1.16 0.98678511
car -1 -1 -1.76 987.53 155.17 1077.26 185.11 -1 -1 -1 -1000 -1000 -1000 -1.46 0.95799989
car -1 -1 1.28 750.79 168.25 880.93 210.66 -1 -1 -1 -1000 -1000 -1000 0.78 0.90407187
car -1 -1 1.42 327.69 195.95 413.83 238.98 -1 -1 -1 -1000 -1000 -1000 1.30 0.67646265
