car -1 -1 -1.76 725.93 179.40 862.19 272.86 -1 -1 -1 -1000 -1000 -1000 -1.62 0.99999321
car -1 -1 2.22 0.00 202.18 168.89 374.50 -1 -1 -1 -1000 -1000 -1000 1.85 0.99998856
car -1 -1 2.14 340.63 191.28 452.01 252.77 -1 -1 -1 -1000 -1000 -1000 1.84 0.99997485
car -1 -1 -1.91 797.06 182.66 1111.71 352.30 -1 -1 -1 -1000 -1000 -1000 -1.69 0.99997103
car -1 -1 1.93 437.86 186.56 500.98 229.87 -1 -1 -1 -1000 -1000 -1000 1.67 0.99994946
car -1 -1 -1.73 555.17 173.24 596.84 193.26 -1 -1 -1 -1000 -1000 -1000 -1.62 0.99994850
car -1 -1 -1.08 684.11 178.30 745.17 227.29 -1 -1 -1 -1000 -1000 -1000 -1.01 0.99994028
car -1 -1 2.14 205.23 194.11 393.07 293.18 -1 -1 -1 -1000 -1000 -1000 1.84 0.99993563
car -1 -1 1.82 497.76 180.81 535.63 208.84 -1 -1 -1 -1000 -1000 -1000 1.60 0.99984896
car -1 -1 -1.64 648.51 175.99 697.92 207.70 -1 -1 -1 -1000 -1000 -1000 -1.52 0.99972099
car -1 -1 0.57 1054.74 139.09 1241.69 284.02 -1 -1 -1 -1000 -1000 -1000 1.17 0.99896336
