car -1 -1 -1 899.66 151.96 1241.00 374.00 -1 -1 -1 -1000 -1000 -1000 -0.74 0.99996758
car -1 -1 -1 297.50 189.41 407.37 249.27 -1 -1 -1 -1000 -1000 -1000 1.53 0.99992287
car -1 -1 -1 816.22 176.07 1059.32 298.45 -1 -1 -1 -1000 -1000 -1000 -0.74 0.99973840
car -1 -1 -1 590.99 174.48 637.38 219.99 -1 -1 -1 -1000 -1000 -1000 -1.61 0.99953449
car -1 -1 -1 679.39 172.32 797.55 219.72 -1 -1 -1 -1000 -1000 -1000 -0.74 0.99811041
car -1 -1 -1 456.39 177.84 486.68 198.99 -1 -1 -1 -1000 -1000 -1000 1.61 0.99424875
car -1 -1 -1 416.42 178.46 437.05 195.99 -1 -1 -1 -1000 -1000 -1000 1.53 0.98711979
car -1 -1 -1 489.99 182.31 518.92 199.09 -1 -1 -1 -1000 -1000 -1000 1.61 0.97196656
car -1 -1 -1 434.10 176.27 471.00 198.82 -1 -1 -1 -1000 -1000 -1000 1.61 0.96567732
car -1 -1 -1 751.50 179.63 929.39 268.09 -1 -1 -1 -1000 -1000 -1000 -0.74 0.95933712
