car -1 -1 -1 3.45 181.11 247.76 286.05 -1 -1 -1 -1000 -1000 -1000 1.70 0.99988091
car -1 -1 -1 596.23 177.98 657.28 227.76 -1 -1 -1 -1000 -1000 -1000 -1.53 0.99983919
car -1 -1 -1 824.99 185.32 1082.07 332.81 -1 -1 -1 -1000 -1000 -1000 -1.61 0.99982566
car -1 -1 -1 202.91 174.54 335.69 245.47 -1 -1 -1 -1000 -1000 -1000 1.79 0.99978012
car -1 -1 -1 720.17 162.44 809.56 231.46 -1 -1 -1 -1000 -1000 -1000 -1.61 0.99946743
car -1 -1 -1 0.00 172.41 111.33 239.87 -1 -1 -1 -1000 -1000 -1000 1.53 0.99946135
car -1 -1 -1 413.21 170.50 520.17 224.96 -1 -1 -1 -1000 -1000 -1000 -2.31 0.99925774
car -1 -1 -1 283.66 165.68 374.78 226.98 -1 -1 -1 -1000 -1000 -1000 1.53 0.99902225
car -1 -1 -1 760.89 178.91 878.57 266.38 -1 -1 -1 -1000 -1000 -1000 -1.53 0.99851125
car -1 -1 -1 285.10 174.71 497.03 269.61 -1 -1 -1 -1000 -1000 -1000 -2.49 0.99181211
car -1 -1 -1 772.09 167.72 881.86 209.70 -1 -1 -1 -1000 -1000 -1000 -0.13 0.97968364
car -1 -1 -1 603.10 173.97 635.76 199.48 -1 -1 -1 -1000 -1000 -1000 -1.53 0.97750413
car -1 -1 -1 472.37 168.10 555.05 202.91 -1 -1 -1 -1000 -1000 -1000 -2.40 0.97530365
car -1 -1 -1 1.50 163.67 81.54 374.00 -1 -1 -1 -1000 -1000 -1000 -3.19 0.12187161
