car -1 -1 -1 330.83 172.74 626.10 355.07 -1 -1 -1 -1000 -1000 -1000 1.61 0.99993944
car -1 -1 -1 941.37 195.42 1241.00 374.00 -1 -1 -1 -1000 -1000 -1000 -1.44 0.99989367
car -1 -1 -1 883.59 181.49 954.31 240.23 -1 -1 -1 -1000 -1000 -1000 -1.53 0.99953973
car -1 -1 -1 0.00 197.54 452.76 374.00 -1 -1 -1 -1000 -1000 -1000 -1.61 0.99925536
car -1 -1 -1 740.27 168.05 792.73 206.84 -1 -1 -1 -1000 -1000 -1000 1.53 0.99919146
car -1 -1 -1 591.98 166.35 726.58 267.10 -1 -1 -1 -1000 -1000 -1000 -1.27 0.99875069
car -1 -1 -1 808.10 166.19 828.51 184.19 -1 -1 -1 -1000 -1000 -1000 -1.53 0.92842388
car -1 -1 -1 858.34 170.53 885.26 194.25 -1 -1 -1 -1000 -1000 -1000 -3.19 0.84478164
car -1 -1 -1 619.68 172.73 696.18 199.84 -1 -1 -1 -1000 -1000 -1000 -3.19 0.39627516
car -1 -1 -1 1166.70 206.99 1240.30 367.93 -1 -1 -1 -1000 -1000 -1000 -3.19 0.06357000
