car -1 -1 -1 232.37 172.65 560.01 367.72 -1 -1 -1 -1000 -1000 -1000 1.61 0.99992037
car -1 -1 -1 907.16 204.94 1241.00 372.86 -1 -1 -1 -1000 -1000 -1000 -1.53 0.99980098
car -1 -1 -1 838.70 178.35 908.76 232.22 -1 -1 -1 -1000 -1000 -1000 -1.53 0.99960202
car -1 -1 -1 693.38 165.15 743.43 206.32 -1 -1 -1 -1000 -1000 -1000 1.53 0.99944061
car -1 -1 -1 544.19 172.42 682.14 277.14 -1 -1 -1 -1000 -1000 -1000 -1.27 0.99893755
car -1 -1 -1 809.90 170.36 837.33 194.09 -1 -1 -1 -1000 -1000 -1000 -3.19 0.97568059
car -1 -1 -1 3.98 218.11 423.27 366.44 -1 -1 -1 -1000 -1000 -1000 -1.53 0.94147193
car -1 -1 -1 568.47 168.25 639.89 196.07 -1 -1 -1 -1000 -1000 -1000 1.61 0.89792705
car -1 -1 -1 756.51 168.32 776.31 185.94 -1 -1 -1 -1000 -1000 -1000 -3.19 0.24032789
car -1 -1 -1 1175.13 202.85 1239.62 237.17 -1 -1 -1 -1000 -1000 -1000 -3.19 0.14295380
