car -1 -1 -1 0.00 184.50 298.03 308.28 -1 -1 -1 -1000 -1000 -1000 3.10 0.99997711
car -1 -1 -1 738.29 176.86 936.08 298.20 -1 -1 -1 -1000 -1000 -1000 -1.53 0.99996591
car -1 -1 -1 831.25 186.33 1241.00 373.43 -1 -1 -1 -1000 -1000 -1000 -1.53 0.99994707
car -1 -1 -1 181.69 182.53 410.57 257.87 -1 -1 -1 -1000 -1000 -1000 -3.10 0.99924672
car -1 -1 -1 323.40 179.90 464.47 240.73 -1 -1 -1 -1000 -1000 -1000 -3.10 0.99851209
car -1 -1 -1 680.17 178.61 745.92 230.14 -1 -1 -1 -1000 -1000 -1000 -1.53 0.99839371
car -1 -1 -1 401.15 172.71 527.12 218.99 -1 -1 -1 -1000 -1000 -1000 2.75 0.99698514
car -1 -1 -1 517.32 172.20 554.91 198.17 -1 -1 -1 -1000 -1000 -1000 -3.19 0.89737177
car -1 -1 -1 716.85 172.00 772.93 219.43 -1 -1 -1 -1000 -1000 -1000 -3.19 0.79887921
car -1 -1 -1 471.27 175.97 553.59 209.83 -1 -1 -1 -1000 -1000 -1000 -3.19 0.24252877
