car -1 -1 -1 703.68 183.88 837.53 279.49 -1 -1 -1 -1000 -1000 -1000 -1.61 0.99996614
car -1 -1 -1 395.62 197.31 476.55 254.31 -1 -1 -1 -1000 -1000 -1000 1.44 0.99982339
car -1 -1 -1 0.00 233.44 95.83 370.97 -1 -1 -1 -1000 -1000 -1000 1.53 0.99953210
car -1 -1 -1 451.21 184.44 512.20 228.93 -1 -1 -1 -1000 -1000 -1000 1.61 0.99904996
car -1 -1 -1 650.99 183.21 716.83 234.89 -1 -1 -1 -1000 -1000 -1000 -1.44 0.99614280
car -1 -1 -1 631.39 184.04 667.81 215.29 -1 -1 -1 -1000 -1000 -1000 -1.44 0.98182422
car -1 -1 -1 487.59 185.88 523.97 213.80 -1 -1 -1 -1000 -1000 -1000 1.61 0.96105337
car -1 -1 -1 520.48 183.72 543.20 207.14 -1 -1 -1 -1000 -1000 -1000 1.61 0.75029737
car -1 -1 -1 607.57 182.87 630.92 197.82 -1 -1 -1 -1000 -1000 -1000 -3.19 0.12519556
car -1 -1 -1 1149.73 198.54 1238.36 349.44 -1 -1 -1 -1000 -1000 -1000 -3.19 0.05792288
