car -1 -1 -1 663.26 174.52 736.01 231.10 -1 -1 -1 -1000 -1000 -1000 -1.53 0.99982232
car -1 -1 -1 901.23 224.07 1241.00 373.89 -1 -1 -1 -1000 -1000 -1000 -1.61 0.99979085
car -1 -1 -1 362.73 183.29 478.09 233.45 -1 -1 -1 -1000 -1000 -1000 3.10 0.99970090
car -1 -1 -1 271.90 188.11 416.62 273.79 -1 -1 -1 -1000 -1000 -1000 -3.10 0.99756050
car -1 -1 -1 427.69 177.70 514.64 213.79 -1 -1 -1 -1000 -1000 -1000 -3.10 0.99594313
car -1 -1 -1 483.69 176.99 536.80 203.69 -1 -1 -1 -1000 -1000 -1000 -3.10 0.99508977
car -1 -1 -1 627.99 178.62 660.76 203.58 -1 -1 -1 -1000 -1000 -1000 -1.53 0.99233294
car -1 -1 -1 887.87 258.56 1012.30 304.24 -1 -1 -1 -1000 -1000 -1000 -1.61 0.83810568
car -1 -1 -1 648.55 181.60 687.23 215.53 -1 -1 -1 -1000 -1000 -1000 -1.53 0.73539990
car -1 -1 -1 0.00 191.44 140.15 366.49 -1 -1 -1 -1000 -1000 -1000 -3.19 0.06372521
