car -1 -1 -1 926.23 189.93 1240.89 374.00 -1 -1 -1 -1000 -1000 -1000 -1.61 0.99997187
car -1 -1 -1 137.87 194.73 382.69 330.67 -1 -1 -1 -1000 -1000 -1000 1.53 0.99995458
car -1 -1 -1 784.23 178.54 981.03 305.73 -1 -1 -1 -1000 -1000 -1000 -1.53 0.99987209
car -1 -1 -1 326.47 186.50 461.17 266.09 -1 -1 -1 -1000 -1000 -1000 1.61 0.99946016
car -1 -1 -1 718.61 180.27 858.49 257.17 -1 -1 -1 -1000 -1000 -1000 -1.53 0.99939525
car -1 -1 -1 709.45 177.78 774.54 227.20 -1 -1 -1 -1000 -1000 -1000 -1.61 0.99904889
car -1 -1 -1 510.34 183.74 555.40 214.32 -1 -1 -1 -1000 -1000 -1000 1.61 0.99892491
car -1 -1 -1 405.21 183.70 496.06 238.30 -1 -1 -1 -1000 -1000 -1000 1.61 0.99837142
car -1 -1 -1 682.60 178.43 739.80 219.20 -1 -1 -1 -1000 -1000 -1000 -1.61 0.97166520
car -1 -1 -1 574.25 174.25 611.87 190.98 -1 -1 -1 -1000 -1000 -1000 -1.00 0.95059627
car -1 -1 -1 1010.79 179.30 1072.47 220.20 -1 -1 -1 -1000 -1000 -1000 -3.19 0.17744732
