car -1 -1 -1 0.51 177.46 236.44 333.96 -1 -1 -1 -1000 -1000 -1000 3.10 0.99986863
car -1 -1 -1 633.59 178.80 684.30 221.11 -1 -1 -1 -1000 -1000 -1000 -1.61 0.99973446
car -1 -1 -1 308.71 175.79 467.40 232.07 -1 -1 -1 -1000 -1000 -1000 3.10 0.99966168
car -1 -1 -1 1024.39 178.21 1234.11 369.47 -1 -1 -1 -1000 -1000 -1000 -0.04 0.99963093
car -1 -1 -1 784.65 177.13 1001.39 269.91 -1 -1 -1 -1000 -1000 -1000 0.13 0.99812728
car -1 -1 -1 859.39 182.10 1164.70 307.36 -1 -1 -1 -1000 -1000 -1000 0.04 0.99323285
car -1 -1 -1 614.41 173.06 645.89 203.45 -1 -1 -1 -1000 -1000 -1000 -1.61 0.99184656
car -1 -1 -1 1176.13 172.55 1240.77 370.25 -1 -1 -1 -1000 -1000 -1000 -0.04 0.97966868
car -1 -1 -1 463.51 180.17 515.16 214.06 -1 -1 -1 -1000 -1000 -1000 -3.19 0.62697524
car -1 -1 -1 167.64 175.09 325.49 284.98 -1 -1 -1 -1000 -1000 -1000 -3.19 0.15929088
