car -1 -1 -1 788.12 191.15 1049.46 370.64 -1 -1 -1 -1000 -1000 -1000 -1.53 0.99990046
car -1 -1 -1 718.74 179.87 856.25 282.82 -1 -1 -1 -1000 -1000 -1000 -1.53 0.99978298
car -1 -1 -1 1033.59 219.97 1241.00 371.36 -1 -1 -1 -1000 -1000 -1000 -1.53 0.99930143
car -1 -1 -1 468.09 168.26 534.48 217.50 -1 -1 -1 -1000 -1000 -1000 1.61 0.99869686
car -1 -1 -1 652.06 170.26 717.64 221.99 -1 -1 -1 -1000 -1000 -1000 -1.61 0.99772078
car -1 -1 -1 673.94 175.74 762.04 238.60 -1 -1 -1 -1000 -1000 -1000 -1.61 0.99604142
car -1 -1 -1 244.87 172.09 435.69 335.70 -1 -1 -1 -1000 -1000 -1000 1.53 0.99548066
car -1 -1 -1 642.86 177.07 680.49 206.58 -1 -1 -1 -1000 -1000 -1000 -1.61 0.96212751
car -1 -1 -1 6.64 151.50 262.55 374.00 -1 -1 -1 -1000 -1000 -1000 1.61 0.93051291
car -1 -1 -1 617.06 182.46 643.70 198.34 -1 -1 -1 -1000 -1000 -1000 -3.19 0.47204322
car -1 -1 -1 622.03 171.79 650.98 192.09 -1 -1 -1 -1000 -1000 -1000 -3.19 0.30307743
