car -1 -1 -1 0.00 195.29 192.31 362.19 -1 -1 -1 -1000 -1000 -1000 3.10 0.99996579
car -1 -1 -1 722.00 185.17 917.86 310.97 -1 -1 -1 -1000 -1000 -1000 -1.53 0.99983382
car -1 -1 -1 812.08 159.74 1241.00 374.00 -1 -1 -1 -1000 -1000 -1000 -1.53 0.99968076
car -1 -1 -1 677.55 172.67 746.04 231.46 -1 -1 -1 -1000 -1000 -1000 -1.61 0.99951279
car -1 -1 -1 342.21 181.04 458.10 233.32 -1 -1 -1 -1000 -1000 -1000 -3.10 0.99830568
car -1 -1 -1 429.95 173.09 533.33 210.09 -1 -1 -1 -1000 -1000 -1000 3.01 0.99793446
car -1 -1 -1 647.60 173.76 687.79 211.43 -1 -1 -1 -1000 -1000 -1000 -1.53 0.99278790
car -1 -1 -1 2.54 178.74 49.76 374.00 -1 -1 -1 -1000 -1000 -1000 -3.10 0.50144029
car -1 -1 -1 627.49 171.74 645.24 187.88 -1 -1 -1 -1000 -1000 -1000 -3.19 0.47139579
car -1 -1 -1 223.89 177.57 442.93 258.73 -1 -1 -1 -1000 -1000 -1000 -3.19 0.16031426
