car -1 -1 -1 599.04 173.13 831.26 323.16 -1 -1 -1 -1000 -1000 -1000 1.61 0.99998665
car -1 -1 -1 243.27 179.20 691.06 374.00 -1 -1 -1 -1000 -1000 -1000 1.53 0.99983370
car -1 -1 -1 794.61 170.29 931.12 272.97 -1 -1 -1 -1000 -1000 -1000 -1.27 0.99938059
car -1 -1 -1 957.43 180.60 1019.33 222.10 -1 -1 -1 -1000 -1000 -1000 1.53 0.99926156
car -1 -1 -1 1155.90 197.67 1241.00 370.60 -1 -1 -1 -1000 -1000 -1000 -0.83 0.99869186
car -1 -1 -1 1117.62 186.06 1223.60 275.67 -1 -1 -1 -1000 -1000 -1000 -1.00 0.99561822
car -1 -1 -1 987.36 178.47 1042.49 211.45 -1 -1 -1 -1000 -1000 -1000 -1.53 0.98645473
car -1 -1 -1 1048.33 175.83 1077.67 196.97 -1 -1 -1 -1000 -1000 -1000 -1.61 0.90719450
car -1 -1 -1 817.37 175.27 907.28 209.46 -1 -1 -1 -1000 -1000 -1000 1.53 0.80823648
car -1 -1 -1 1110.69 185.72 1145.35 214.23 -1 -1 -1 -1000 -1000 -1000 -3.19 0.61996853
