car -1 -1 -1 0.07 204.65 292.08 364.89 -1 -1 -1 -1000 -1000 -1000 1.53 0.99999142
car -1 -1 -1 251.62 197.58 398.55 274.93 -1 -1 -1 -1000 -1000 -1000 1.53 0.99986446
car -1 -1 -1 378.58 189.24 468.69 241.69 -1 -1 -1 -1000 -1000 -1000 1.61 0.99970716
car -1 -1 -1 696.67 175.86 800.39 244.12 -1 -1 -1 -1000 -1000 -1000 -1.44 0.99917275
car -1 -1 -1 991.87 136.13 1236.73 237.35 -1 -1 -1 -1000 -1000 -1000 3.10 0.99866915
car -1 -1 -1 486.73 184.12 529.98 216.53 -1 -1 -1 -1000 -1000 -1000 1.61 0.99768245
car -1 -1 -1 440.62 188.40 495.11 230.31 -1 -1 -1 -1000 -1000 -1000 1.61 0.99607855
car -1 -1 -1 671.09 179.90 739.72 217.21 -1 -1 -1 -1000 -1000 -1000 -1.53 0.99448353
car -1 -1 -1 827.89 152.22 1010.45 216.83 -1 -1 -1 -1000 -1000 -1000 2.49 0.99111688
car -1 -1 -1 589.99 177.95 615.82 193.71 -1 -1 -1 -1000 -1000 -1000 -3.19 0.98818004
car -1 -1 -1 517.20 181.49 549.27 204.46 -1 -1 -1 -1000 -1000 -1000 1.61 0.96262378
car -1 -1 -1 643.66 178.30 682.20 205.66 -1 -1 -1 -1000 -1000 -1000 -1.53 0.95133388
