car -1 -1 -1 0.00 210.62 196.19 374.00 -1 -1 -1 -1000 -1000 -1000 1.53 0.99998116
car -1 -1 -1 732.56 179.59 919.39 303.62 -1 -1 -1 -1000 -1000 -1000 -1.53 0.99998045
car -1 -1 -1 166.34 200.96 367.02 300.17 -1 -1 -1 -1000 -1000 -1000 1.61 0.99986386
car -1 -1 -1 356.70 174.83 454.97 243.48 -1 -1 -1 -1000 -1000 -1000 1.61 0.99936455
car -1 -1 -1 457.03 181.57 515.30 214.63 -1 -1 -1 -1000 -1000 -1000 1.61 0.99756855
car -1 -1 -1 414.75 175.89 491.27 226.81 -1 -1 -1 -1000 -1000 -1000 1.61 0.99699008
car -1 -1 -1 692.44 165.82 762.32 193.29 -1 -1 -1 -1000 -1000 -1000 3.01 0.98990446
car -1 -1 -1 549.19 177.22 580.87 201.58 -1 -1 -1 -1000 -1000 -1000 1.61 0.98556805
car -1 -1 -1 521.29 176.13 549.19 197.25 -1 -1 -1 -1000 -1000 -1000 1.53 0.98379123
car -1 -1 -1 636.30 174.70 659.76 192.29 -1 -1 -1 -1000 -1000 -1000 -1.53 0.81863654
