car -1 -1 -1 0.00 206.49 287.57 357.67 -1 -1 -1 -1000 -1000 -1000 1.53 0.99998343
car -1 -1 -1 764.04 168.24 1092.71 371.47 -1 -1 -1 -1000 -1000 -1000 -1.61 0.99995875
car -1 -1 -1 293.20 176.21 422.39 253.11 -1 -1 -1 -1000 -1000 -1000 1.61 0.99981636
car -1 -1 -1 384.47 176.20 462.87 230.42 -1 -1 -1 -1000 -1000 -1000 1.61 0.99854016
car -1 -1 -1 442.28 182.98 504.62 214.69 -1 -1 -1 -1000 -1000 -1000 1.61 0.99768424
car -1 -1 -1 693.47 165.39 769.49 190.75 -1 -1 -1 -1000 -1000 -1000 0.13 0.99643099
car -1 -1 -1 535.02 178.12 570.92 203.23 -1 -1 -1 -1000 -1000 -1000 1.61 0.99186486
car -1 -1 -1 508.31 180.80 537.27 201.48 -1 -1 -1 -1000 -1000 -1000 1.61 0.97844100
car -1 -1 -1 2.12 78.66 104.21 148.50 -1 -1 -1 -1000 -1000 -1000 -3.10 0.97359854
car -1 -1 -1 634.16 174.68 656.34 194.40 -1 -1 -1 -1000 -1000 -1000 -1.53 0.87596184
car -1 -1 -1 893.69 157.70 1065.10 215.84 -1 -1 -1 -1000 -1000 -1000 -3.19 0.64530307
