car -1 -1 -1 55.26 197.53 321.14 327.75 -1 -1 -1 -1000 -1000 -1000 1.61 0.99995542
car -1 -1 -1 697.54 176.60 790.25 244.00 -1 -1 -1 -1000 -1000 -1000 -1.53 0.99983919
car -1 -1 -1 725.60 174.11 894.24 275.33 -1 -1 -1 -1000 -1000 -1000 -1.53 0.99983871
car -1 -1 -1 310.52 189.11 439.14 263.56 -1 -1 -1 -1000 -1000 -1000 1.61 0.99978596
car -1 -1 -1 1046.82 141.72 1238.42 243.33 -1 -1 -1 -1000 -1000 -1000 2.57 0.99957293
car -1 -1 -1 464.87 182.97 517.15 218.94 -1 -1 -1 -1000 -1000 -1000 1.61 0.99856937
car -1 -1 -1 668.31 181.79 728.08 218.88 -1 -1 -1 -1000 -1000 -1000 -1.53 0.99856710
car -1 -1 -1 401.18 185.02 471.73 237.48 -1 -1 -1 -1000 -1000 -1000 1.61 0.99823135
car -1 -1 -1 513.67 177.75 549.02 201.79 -1 -1 -1 -1000 -1000 -1000 1.61 0.99198616
car -1 -1 -1 647.73 176.18 690.86 206.82 -1 -1 -1 -1000 -1000 -1000 -1.53 0.98758286
car -1 -1 -1 576.52 172.63 606.35 189.63 -1 -1 -1 -1000 -1000 -1000 2.23 0.98582089
car -1 -1 -1 5.24 253.01 43.12 353.61 -1 -1 -1 -1000 -1000 -1000 1.53 0.97875255
car -1 -1 -1 947.00 156.75 1114.39 223.53 -1 -1 -1 -1000 -1000 -1000 -3.19 0.64501679
car -1 -1 -1 1197.05 137.15 1237.90 250.89 -1 -1 -1 -1000 -1000 -1000 -3.19 0.56870794
