car -1 -1 -1 392.28 196.03 461.01 244.84 -1 -1 -1 -1000 -1000 -1000 1.61 0.99909341
car -1 -1 -1 80.07 209.17 178.65 245.19 -1 -1 -1 -1000 -1000 -1000 -1.09 0.99877495
car -1 -1 -1 437.50 194.12 489.58 231.85 -1 -1 -1 -1000 -1000 -1000 1.61 0.99611616
car -1 -1 -1 472.10 183.66 512.63 214.84 -1 -1 -1 -1000 -1000 -1000 1.61 0.99030882
car -1 -1 -1 1032.47 141.50 1136.32 183.33 -1 -1 -1 -1000 -1000 -1000 -1.00 0.98387939
car -1 -1 -1 660.63 173.78 713.29 215.50 -1 -1 -1 -1000 -1000 -1000 -2.31 0.97675449
car -1 -1 -1 5.42 208.95 68.85 254.43 -1 -1 -1 -1000 -1000 -1000 -1.53 0.97588760
car -1 -1 -1 541.04 190.71 563.12 210.28 -1 -1 -1 -1000 -1000 -1000 -3.19 0.65520954
car -1 -1 -1 541.45 176.40 563.24 195.71 -1 -1 -1 -1000 -1000 -1000 -3.19 0.35417426
car -1 -1 -1 532.67 181.79 552.38 200.46 -1 -1 -1 -1000 -1000 -1000 -3.19 0.09115370
