car -1 -1 -1 54.43 207.22 310.47 327.25 -1 -1 -1 -1000 -1000 -1000 1.61 0.99998415
car -1 -1 -1 267.54 194.43 405.21 268.75 -1 -1 -1 -1000 -1000 -1000 1.61 0.99991095
car -1 -1 -1 707.19 176.18 845.25 262.17 -1 -1 -1 -1000 -1000 -1000 -1.61 0.99989080
car -1 -1 -1 484.03 183.10 522.44 215.83 -1 -1 -1 -1000 -1000 -1000 1.61 0.99947590
car -1 -1 -1 399.78 176.97 467.44 228.73 -1 -1 -1 -1000 -1000 -1000 1.61 0.99894577
car -1 -1 -1 439.03 179.16 500.58 222.25 -1 -1 -1 -1000 -1000 -1000 1.61 0.99801111
car -1 -1 -1 557.15 179.26 584.26 198.84 -1 -1 -1 -1000 -1000 -1000 1.61 0.98788971
car -1 -1 -1 524.34 176.19 549.85 196.46 -1 -1 -1 -1000 -1000 -1000 -1.53 0.98061746
car -1 -1 -1 834.04 171.48 897.32 197.11 -1 -1 -1 -1000 -1000 -1000 -3.19 0.94120604
car -1 -1 -1 683.14 170.45 748.51 198.85 -1 -1 -1 -1000 -1000 -1000 -3.19 0.62648535
car -1 -1 -1 702.53 178.08 775.38 224.80 -1 -1 -1 -1000 -1000 -1000 -3.19 0.05429073
