car -1 -1 -1 0.00 220.86 174.34 374.00 -1 -1 -1 -1000 -1000 -1000 1.53 0.99990726
car -1 -1 -1 554.07 213.32 812.39 359.05 -1 -1 -1 -1000 -1000 -1000 -1.61 0.99988830
car -1 -1 -1 493.29 208.44 637.50 295.15 -1 -1 -1 -1000 -1000 -1000 -1.61 0.99977440
car -1 -1 -1 106.35 213.77 247.46 306.14 -1 -1 -1 -1000 -1000 -1000 1.53 0.99971396
car -1 -1 -1 438.58 200.57 538.85 264.19 -1 -1 -1 -1000 -1000 -1000 -1.44 0.99907839
car -1 -1 -1 654.02 212.88 1142.96 374.00 -1 -1 -1 -1000 -1000 -1000 -1.61 0.99873739
car -1 -1 -1 407.22 198.88 447.89 235.14 -1 -1 -1 -1000 -1000 -1000 -1.53 0.99529332
car -1 -1 -1 277.68 201.71 311.70 229.94 -1 -1 -1 -1000 -1000 -1000 1.61 0.99200761
car -1 -1 -1 387.69 199.77 416.55 226.02 -1 -1 -1 -1000 -1000 -1000 -1.61 0.94025540
car -1 -1 -1 208.89 190.62 295.31 254.83 -1 -1 -1 -1000 -1000 -1000 1.53 0.93552983
car -1 -1 -1 417.77 206.77 477.19 247.32 -1 -1 -1 -1000 -1000 -1000 -1.53 0.64074624
car -1 -1 -1 1016.84 188.87 1219.03 373.58 -1 -1 -1 -1000 -1000 -1000 -3.19 0.11783644
