car -1 -1 -1 331.38 183.70 502.88 239.66 -1 -1 -1 -1000 -1000 -1000 0.04 0.99972647
car -1 -1 -1 841.73 192.88 1205.55 303.15 -1 -1 -1 -1000 -1000 -1000 0.04 0.99967015
car -1 -1 -1 1053.52 192.70 1240.66 369.71 -1 -1 -1 -1000 -1000 -1000 -0.13 0.99920988
car -1 -1 -1 770.40 193.80 914.03 242.28 -1 -1 -1 -1000 -1000 -1000 0.13 0.99899524
car -1 -1 -1 132.40 177.10 418.17 267.01 -1 -1 -1 -1000 -1000 -1000 -3.10 0.99887782
car -1 -1 -1 710.41 184.69 794.53 221.27 -1 -1 -1 -1000 -1000 -1000 -0.39 0.99789679
car -1 -1 -1 6.28 175.53 234.73 372.65 -1 -1 -1 -1000 -1000 -1000 -2.49 0.99713743
car -1 -1 -1 635.37 182.82 671.96 208.75 -1 -1 -1 -1000 -1000 -1000 -1.53 0.99660182
car -1 -1 -1 450.99 182.39 553.03 216.78 -1 -1 -1 -1000 -1000 -1000 0.04 0.99170142
car -1 -1 -1 797.07 180.33 996.24 270.45 -1 -1 -1 -1000 -1000 -1000 0.04 0.76956266
