car -1 -1 -1 411.23 171.51 681.05 342.44 -1 -1 -1 -1000 -1000 -1000 1.61 0.99995446
car -1 -1 -1 999.69 201.89 1237.90 374.00 -1 -1 -1 -1000 -1000 -1000 -1.44 0.99987066
car -1 -1 -1 9.58 180.50 528.55 374.00 -1 -1 -1 -1000 -1000 -1000 -1.61 0.99962425
car -1 -1 -1 805.65 169.61 859.65 207.31 -1 -1 -1 -1000 -1000 -1000 1.53 0.99931192
car -1 -1 -1 662.00 167.68 778.70 259.74 -1 -1 -1 -1000 -1000 -1000 -1.27 0.99922729
car -1 -1 -1 948.28 186.66 1020.63 242.46 -1 -1 -1 -1000 -1000 -1000 -1.53 0.99889308
car -1 -1 -1 869.92 173.12 892.50 190.57 -1 -1 -1 -1000 -1000 -1000 -1.53 0.96069080
car -1 -1 -1 925.26 173.45 954.27 196.81 -1 -1 -1 -1000 -1000 -1000 1.44 0.94161731
car -1 -1 -1 682.64 176.11 742.95 196.96 -1 -1 -1 -1000 -1000 -1000 -3.19 0.71970433
car -1 -1 -1 0.53 173.59 157.85 370.22 -1 -1 -1 -1000 -1000 -1000 -3.19 0.05018256
