car -1 -1 -1 747.68 183.52 1057.45 360.47 -1 -1 -1 -1000 -1000 -1000 -1.53 0.99991667
car -1 -1 -1 0.00 214.05 267.20 374.00 -1 -1 -1 -1000 -1000 -1000 1.61 0.99986529
car -1 -1 -1 710.24 182.28 852.76 271.59 -1 -1 -1 -1000 -1000 -1000 -1.61 0.99982721
car -1 -1 -1 182.16 198.99 440.91 352.20 -1 -1 -1 -1000 -1000 -1000 1.61 0.99970669
car -1 -1 -1 692.36 180.28 769.34 241.15 -1 -1 -1 -1000 -1000 -1000 -1.53 0.99953866
car -1 -1 -1 357.21 187.50 478.47 279.92 -1 -1 -1 -1000 -1000 -1000 1.61 0.99884027
car -1 -1 -1 427.96 182.55 514.86 246.25 -1 -1 -1 -1000 -1000 -1000 1.53 0.99872786
car -1 -1 -1 959.47 187.82 1241.00 374.00 -1 -1 -1 -1000 -1000 -1000 -1.53 0.99822038
car -1 -1 -1 643.75 176.11 688.28 203.55 -1 -1 -1 -1000 -1000 -1000 -1.35 0.99131811
car -1 -1 -1 596.55 176.97 633.19 203.61 -1 -1 -1 -1000 -1000 -1000 -1.35 0.83637142
