car -1 -1 -1 0.00 185.38 265.72 328.81 -1 -1 -1 -1000 -1000 -1000 3.10 0.99994373
car -1 -1 -1 731.04 152.14 1012.16 353.91 -1 -1 -1 -1000 -1000 -1000 -1.53 0.99990451
car -1 -1 -1 180.32 163.28 433.08 257.80 -1 -1 -1 -1000 -1000 -1000 3.10 0.99931335
car -1 -1 -1 419.25 169.52 531.92 205.62 -1 -1 -1 -1000 -1000 -1000 -3.10 0.99824131
car -1 -1 -1 684.73 179.89 760.85 236.62 -1 -1 -1 -1000 -1000 -1000 -1.53 0.99817908
car -1 -1 -1 654.76 175.71 704.27 211.73 -1 -1 -1 -1000 -1000 -1000 -1.61 0.99661690
car -1 -1 -1 353.37 166.14 488.38 218.00 -1 -1 -1 -1000 -1000 -1000 -3.10 0.99336088
car -1 -1 -1 710.71 177.98 814.00 264.69 -1 -1 -1 -1000 -1000 -1000 -1.61 0.99191827
car -1 -1 -1 635.89 168.33 676.65 200.95 -1 -1 -1 -1000 -1000 -1000 -1.61 0.98712015
car -1 -1 -1 505.73 167.64 560.29 195.73 -1 -1 -1 -1000 -1000 -1000 -3.19 0.23029314
