car -1 -1 -1 0.00 184.55 210.19 339.43 -1 -1 -1 -1000 -1000 -1000 3.10 0.99997246
car -1 -1 -1 882.21 185.51 1241.00 374.00 -1 -1 -1 -1000 -1000 -1000 -1.53 0.99995351
car -1 -1 -1 763.23 167.04 1030.89 334.51 -1 -1 -1 -1000 -1000 -1000 -1.61 0.99935824
car -1 -1 -1 246.55 177.93 445.94 248.66 -1 -1 -1 -1000 -1000 -1000 3.10 0.99928868
car -1 -1 -1 684.69 174.41 771.48 240.33 -1 -1 -1 -1000 -1000 -1000 -1.53 0.99910945
car -1 -1 -1 413.80 168.94 526.06 223.44 -1 -1 -1 -1000 -1000 -1000 2.75 0.99657685
car -1 -1 -1 111.10 184.71 367.42 265.92 -1 -1 -1 -1000 -1000 -1000 3.10 0.99572718
car -1 -1 -1 466.53 176.84 546.83 209.64 -1 -1 -1 -1000 -1000 -1000 -3.19 0.90492785
car -1 -1 -1 511.17 173.21 553.13 197.45 -1 -1 -1 -1000 -1000 -1000 -3.19 0.84817648
car -1 -1 -1 744.56 185.99 838.16 234.78 -1 -1 -1 -1000 -1000 -1000 -3.19 0.29979780
