car -1 -1 -1 753.26 192.88 1051.73 356.65 -1 -1 -1 -1000 -1000 -1000 -1.53 0.99996805
car -1 -1 -1 109.62 196.79 454.40 374.00 -1 -1 -1 -1000 -1000 -1000 1.53 0.99996793
car -1 -1 -1 705.25 195.84 857.11 279.64 -1 -1 -1 -1000 -1000 -1000 -1.61 0.99926966
car -1 -1 -1 665.17 183.49 749.49 241.78 -1 -1 -1 -1000 -1000 -1000 -1.61 0.99913698
car -1 -1 -1 466.64 184.15 535.95 243.69 -1 -1 -1 -1000 -1000 -1000 -1.53 0.99832517
car -1 -1 -1 523.35 182.84 567.71 214.72 -1 -1 -1 -1000 -1000 -1000 1.61 0.99671590
car -1 -1 -1 4.29 240.90 268.53 374.00 -1 -1 -1 -1000 -1000 -1000 1.53 0.99050856
car -1 -1 -1 631.13 173.66 667.22 200.35 -1 -1 -1 -1000 -1000 -1000 -1.35 0.98944759
car -1 -1 -1 1036.06 208.37 1219.78 367.58 -1 -1 -1 -1000 -1000 -1000 -3.19 0.21878058
car -1 -1 -1 564.61 177.81 584.05 197.93 -1 -1 -1 -1000 -1000 -1000 -3.19 0.15417762
