car -1 -1 -1 0.00 215.76 200.02 374.00 -1 -1 -1 -1000 -1000 -1000 1.53 0.99994004
car -1 -1 -1 1000.85 185.64 1238.96 371.51 -1 -1 -1 -1000 -1000 -1000 -1.53 0.99977654
car -1 -1 -1 430.88 187.33 490.79 228.40 -1 -1 -1 -1000 -1000 -1000 1.53 0.99951434
car -1 -1 -1 643.28 172.32 700.58 203.08 -1 -1 -1 -1000 -1000 -1000 -1.09 0.99505937
car -1 -1 -1 497.79 180.29 533.10 207.48 -1 -1 -1 -1000 -1000 -1000 1.61 0.99353951
car -1 -1 -1 461.32 185.21 506.24 215.69 -1 -1 -1 -1000 -1000 -1000 1.61 0.99026430
car -1 -1 -1 156.85 200.41 232.70 228.80 -1 -1 -1 -1000 -1000 -1000 -0.83 0.98805565
car -1 -1 -1 614.36 171.16 669.90 197.05 -1 -1 -1 -1000 -1000 -1000 -1.00 0.98226273
car -1 -1 -1 47.09 207.11 143.31 244.15 -1 -1 -1 -1000 -1000 -1000 -3.19 0.85293144
car -1 -1 -1 115.31 206.02 173.99 236.30 -1 -1 -1 -1000 -1000 -1000 -3.19 0.83418667
