car -1 -1 -1 0.00 202.01 219.55 329.78 -1 -1 -1 -1000 -1000 -1000 1.53 0.99995553
car -1 -1 -1 530.94 181.84 602.03 241.60 -1 -1 -1 -1000 -1000 -1000 -1.53 0.99990976
car -1 -1 -1 216.10 187.49 330.39 252.38 -1 -1 -1 -1000 -1000 -1000 -1.53 0.99775982
car -1 -1 -1 334.08 185.31 381.00 221.93 -1 -1 -1 -1000 -1000 -1000 -1.53 0.99734724
car -1 -1 -1 429.66 179.73 483.73 230.43 -1 -1 -1 -1000 -1000 -1000 -1.53 0.99587280
car -1 -1 -1 501.82 183.53 529.75 205.45 -1 -1 -1 -1000 -1000 -1000 -1.44 0.93139416
car -1 -1 -1 371.00 183.07 410.65 216.89 -1 -1 -1 -1000 -1000 -1000 -1.53 0.87168789
car -1 -1 -1 281.65 186.27 336.40 215.83 -1 -1 -1 -1000 -1000 -1000 -1.61 0.86576909
car -1 -1 -1 85.91 195.59 215.04 236.68 -1 -1 -1 -1000 -1000 -1000 -3.19 0.86276883
car -1 -1 -1 397.43 175.60 430.01 209.13 -1 -1 -1 -1000 -1000 -1000 -3.19 0.29183930
