car -1 -1 -1 0.00 210.47 267.63 373.40 -1 -1 -1 -1000 -1000 -1000 1.53 0.99997330
car -1 -1 -1 721.46 180.48 946.98 350.51 -1 -1 -1 -1000 -1000 -1000 -1.53 0.99995458
car -1 -1 -1 585.46 189.94 642.78 234.88 -1 -1 -1 -1000 -1000 -1000 -1.61 0.99915671
car -1 -1 -1 402.71 189.35 450.92 221.54 -1 -1 -1 -1000 -1000 -1000 1.53 0.99895191
car -1 -1 -1 1103.30 171.79 1234.52 266.47 -1 -1 -1 -1000 -1000 -1000 0.74 0.99696904
car -1 -1 -1 785.79 172.56 913.29 225.17 -1 -1 -1 -1000 -1000 -1000 2.57 0.99402195
car -1 -1 -1 730.88 183.17 807.29 210.70 -1 -1 -1 -1000 -1000 -1000 -3.01 0.99029970
car -1 -1 -1 208.37 194.86 278.14 225.36 -1 -1 -1 -1000 -1000 -1000 0.83 0.98743153
car -1 -1 -1 2.73 237.90 101.79 368.82 -1 -1 -1 -1000 -1000 -1000 1.53 0.98413187
car -1 -1 -1 1078.76 198.04 1238.01 374.00 -1 -1 -1 -1000 -1000 -1000 -1.53 0.84738427
car -1 -1 -1 566.57 187.13 587.96 209.42 -1 -1 -1 -1000 -1000 -1000 -3.19 0.42418733
