car -1 -1 -1 606.99 176.04 717.70 263.22 -1 -1 -1 -1000 -1000 -1000 -1.53 0.99997985
car -1 -1 -1 159.15 188.43 340.33 292.28 -1 -1 -1 -1000 -1000 -1000 -1.53 0.99982661
car -1 -1 -1 365.03 190.32 430.66 228.77 -1 -1 -1 -1000 -1000 -1000 -1.53 0.99932587
car -1 -1 -1 413.94 186.55 456.38 212.38 -1 -1 -1 -1000 -1000 -1000 -1.53 0.99897265
car -1 -1 -1 1.79 193.33 86.47 375.00 -1 -1 -1 -1000 -1000 -1000 1.53 0.99757665
car -1 -1 -1 501.12 178.10 551.11 223.65 -1 -1 -1 -1000 -1000 -1000 -1.53 0.99580836
car -1 -1 -1 304.83 192.07 402.72 245.13 -1 -1 -1 -1000 -1000 -1000 -1.53 0.99125260
car -1 -1 -1 264.45 190.38 345.34 230.52 -1 -1 -1 -1000 -1000 -1000 -1.44 0.98937643
car -1 -1 -1 45.40 166.91 259.06 254.08 -1 -1 -1 -1000 -1000 -1000 -1.44 0.98728007
car -1 -1 -1 549.74 182.76 568.90 203.12 -1 -1 -1 -1000 -1000 -1000 -1.53 0.97576469
car -1 -1 -1 2.57 172.56 62.93 226.33 -1 -1 -1 -1000 -1000 -1000 -1.53 0.77039737
