car -1 -1 -1 795.74 178.93 1001.65 311.89 -1 -1 -1 -1000 -1000 -1000 -1.53 0.99992585
car -1 -1 -1 933.32 197.02 1237.07 369.47 -1 -1 -1 -1000 -1000 -1000 -1.53 0.99989402
car -1 -1 -1 410.44 181.97 503.42 245.98 -1 -1 -1 -1000 -1000 -1000 1.53 0.99965656
car -1 -1 -1 715.21 173.21 790.40 236.31 -1 -1 -1 -1000 -1000 -1000 -1.61 0.99917299
car -1 -1 -1 468.67 181.19 530.96 225.97 -1 -1 -1 -1000 -1000 -1000 1.61 0.99818039
car -1 -1 -1 550.28 176.19 585.71 203.13 -1 -1 -1 -1000 -1000 -1000 1.53 0.99679345
car -1 -1 -1 691.32 175.03 745.46 216.99 -1 -1 -1 -1000 -1000 -1000 -1.61 0.99534106
car -1 -1 -1 735.40 184.22 851.67 267.33 -1 -1 -1 -1000 -1000 -1000 -1.53 0.99500471
car -1 -1 -1 858.67 168.36 934.55 197.71 -1 -1 -1 -1000 -1000 -1000 -3.01 0.99455863
car -1 -1 -1 965.36 173.11 1042.97 203.42 -1 -1 -1 -1000 -1000 -1000 -3.19 0.57605004
