car -1 -1 -1 755.91 181.47 1103.75 374.00 -1 -1 -1 -1000 -1000 -1000 -1.53 0.99997008
car -1 -1 -1 0.58 171.29 308.47 297.57 -1 -1 -1 -1000 -1000 -1000 0.04 0.99974519
car -1 -1 -1 326.18 161.52 509.58 224.06 -1 -1 -1 -1000 -1000 -1000 -3.10 0.99922943
car -1 -1 -1 736.32 174.76 852.31 224.09 -1 -1 -1 -1000 -1000 -1000 -0.74 0.99858791
car -1 -1 -1 454.13 167.83 551.70 199.56 -1 -1 -1 -1000 -1000 -1000 0.04 0.98855060
car -1 -1 -1 685.92 172.64 750.15 202.27 -1 -1 -1 -1000 -1000 -1000 0.13 0.98646438
car -1 -1 -1 633.01 171.76 662.04 193.78 -1 -1 -1 -1000 -1000 -1000 -1.61 0.93782455
car -1 -1 -1 7.59 179.29 58.80 329.19 -1 -1 -1 -1000 -1000 -1000 -3.10 0.93294692
car -1 -1 -1 821.47 175.43 979.54 253.51 -1 -1 -1 -1000 -1000 -1000 -1.53 0.87531960
car -1 -1 -1 163.67 155.33 406.45 251.07 -1 -1 -1 -1000 -1000 -1000 -3.10 0.85766101
