car -1 -1 -1 1.87 201.80 269.43 374.00 -1 -1 -1 -1000 -1000 -1000 1.53 0.99997282
car -1 -1 -1 874.42 183.79 1241.00 374.00 -1 -1 -1 -1000 -1000 -1000 -1.53 0.99996889
car -1 -1 -1 748.89 179.49 945.26 298.26 -1 -1 -1 -1000 -1000 -1000 -1.53 0.99985874
car -1 -1 -1 202.67 193.23 400.01 307.44 -1 -1 -1 -1000 -1000 -1000 1.61 0.99985039
car -1 -1 -1 339.01 184.07 464.45 259.95 -1 -1 -1 -1000 -1000 -1000 1.61 0.99983680
car -1 -1 -1 713.13 182.28 822.33 250.16 -1 -1 -1 -1000 -1000 -1000 -1.53 0.99982232
car -1 -1 -1 687.46 177.24 750.95 224.74 -1 -1 -1 -1000 -1000 -1000 -1.61 0.99843651
car -1 -1 -1 489.34 179.64 541.32 216.99 -1 -1 -1 -1000 -1000 -1000 1.53 0.99712688
car -1 -1 -1 600.94 174.05 633.58 193.70 -1 -1 -1 -1000 -1000 -1000 -1.00 0.98002964
car -1 -1 -1 1104.08 179.29 1221.25 221.74 -1 -1 -1 -1000 -1000 -1000 -3.19 0.51335293
car -1 -1 -1 664.48 178.96 703.27 201.35 -1 -1 -1 -1000 -1000 -1000 -3.19 0.16787396
