car -1 -1 -1 0.23 197.33 298.23 374.00 -1 -1 -1 -1000 -1000 -1000 1.53 0.99999464
car -1 -1 -1 838.96 183.17 1182.29 373.34 -1 -1 -1 -1000 -1000 -1000 -1.53 0.99995470
car -1 -1 -1 740.57 178.29 903.55 281.53 -1 -1 -1 -1000 -1000 -1000 -1.53 0.99986517
car -1 -1 -1 232.69 193.09 415.38 295.43 -1 -1 -1 -1000 -1000 -1000 1.61 0.99985015
car -1 -1 -1 359.59 188.54 470.72 253.11 -1 -1 -1 -1000 -1000 -1000 1.61 0.99983001
car -1 -1 -1 712.88 178.27 810.09 253.17 -1 -1 -1 -1000 -1000 -1000 -1.53 0.99947602
car -1 -1 -1 687.71 176.01 751.31 224.83 -1 -1 -1 -1000 -1000 -1000 -1.61 0.99934918
car -1 -1 -1 496.91 177.77 546.57 213.25 -1 -1 -1 -1000 -1000 -1000 1.53 0.99890685
car -1 -1 -1 591.54 172.82 631.20 192.47 -1 -1 -1 -1000 -1000 -1000 -1.00 0.98605961
car -1 -1 -1 1052.12 166.04 1232.03 239.93 -1 -1 -1 -1000 -1000 -1000 -3.19 0.31003267
car -1 -1 -1 1149.21 224.88 1241.00 374.00 -1 -1 -1 -1000 -1000 -1000 -3.19 0.17854993
car -1 -1 -1 101.38 207.16 233.47 260.06 -1 -1 -1 -1000 -1000 -1000 -3.19 0.09404933
