car -1 -1 -1 752.01 176.54 1054.63 366.20 -1 -1 -1 -1000 -1000 -1000 -1.61 0.99995303
car -1 -1 -1 143.77 183.55 386.91 326.69 -1 -1 -1 -1000 -1000 -1000 -1.27 0.99979132
car -1 -1 -1 399.34 187.03 478.76 244.10 -1 -1 -1 -1000 -1000 -1000 -1.53 0.99899191
car -1 -1 -1 457.91 187.39 518.66 226.57 -1 -1 -1 -1000 -1000 -1000 -1.53 0.99703038
car -1 -1 -1 4.52 215.46 73.48 310.31 -1 -1 -1 -1000 -1000 -1000 1.53 0.99483609
car -1 -1 -1 73.94 165.27 251.78 279.87 -1 -1 -1 -1000 -1000 -1000 -0.74 0.99408323
car -1 -1 -1 576.40 180.82 614.89 216.41 -1 -1 -1 -1000 -1000 -1000 -1.53 0.99211204
car -1 -1 -1 386.49 182.12 441.19 219.73 -1 -1 -1 -1000 -1000 -1000 -1.53 0.97920990
car -1 -1 -1 620.62 182.37 643.88 205.11 -1 -1 -1 -1000 -1000 -1000 -1.53 0.91711420
car -1 -1 -1 312.43 180.66 389.26 222.84 -1 -1 -1 -1000 -1000 -1000 -3.19 0.49065015
