car -1 -1 -1 12.96 194.71 344.15 364.06 -1 -1 -1 -1000 -1000 -1000 1.53 0.99995029
car -1 -1 -1 729.42 181.96 877.33 263.10 -1 -1 -1 -1000 -1000 -1000 -1.53 0.99988103
car -1 -1 -1 700.93 174.59 796.97 242.60 -1 -1 -1 -1000 -1000 -1000 -1.61 0.99967349
car -1 -1 -1 920.90 180.60 1241.00 374.00 -1 -1 -1 -1000 -1000 -1000 -1.53 0.99954021
car -1 -1 -1 780.99 180.18 1075.15 342.82 -1 -1 -1 -1000 -1000 -1000 -1.61 0.99930120
car -1 -1 -1 435.89 178.65 506.56 228.28 -1 -1 -1 -1000 -1000 -1000 1.53 0.99892139
car -1 -1 -1 0.21 230.68 103.96 371.53 -1 -1 -1 -1000 -1000 -1000 1.53 0.98307854
car -1 -1 -1 598.26 174.83 631.32 196.33 -1 -1 -1 -1000 -1000 -1000 -1.09 0.89147931
car -1 -1 -1 671.77 172.20 699.22 191.79 -1 -1 -1 -1000 -1000 -1000 -3.19 0.51586401
car -1 -1 -1 1026.74 182.16 1144.57 227.43 -1 -1 -1 -1000 -1000 -1000 -3.19 0.17817785
