car -1 -1 -1 424.20 187.55 520.52 269.05 -1 -1 -1 -1000 -1000 -1000 -1.53 0.99995148
car -1 -1 -1 695.12 185.71 846.19 281.31 -1 -1 -1 -1000 -1000 -1000 -1.53 0.99984789
car -1 -1 -1 746.14 191.51 1092.14 373.32 -1 -1 -1 -1000 -1000 -1000 -1.61 0.99980587
car -1 -1 -1 647.53 180.19 689.55 213.95 -1 -1 -1 -1000 -1000 -1000 -1.44 0.99931526
car -1 -1 -1 500.01 180.68 563.84 225.77 -1 -1 -1 -1000 -1000 -1000 1.53 0.99906987
car -1 -1 -1 4.17 249.65 266.33 374.00 -1 -1 -1 -1000 -1000 -1000 -1.53 0.99490935
car -1 -1 -1 927.60 210.05 1241.00 362.39 -1 -1 -1 -1000 -1000 -1000 -1.53 0.99463308
car -1 -1 -1 557.49 178.33 584.07 199.68 -1 -1 -1 -1000 -1000 -1000 1.61 0.99105495
car -1 -1 -1 679.89 167.40 775.87 247.76 -1 -1 -1 -1000 -1000 -1000 -1.53 0.96789485
car -1 -1 -1 629.12 175.61 652.93 195.27 -1 -1 -1 -1000 -1000 -1000 -3.19 0.36268452
