car -1 -1 -1 0.00 171.77 222.31 323.65 -1 -1 -1 -1000 -1000 -1000 3.10 0.99994183
car -1 -1 -1 713.77 183.41 889.10 303.25 -1 -1 -1 -1000 -1000 -1000 -1.61 0.99992967
car -1 -1 -1 383.22 172.95 521.77 218.96 -1 -1 -1 -1000 -1000 -1000 -3.10 0.99828231
car -1 -1 -1 782.94 178.61 1010.10 247.59 -1 -1 -1 -1000 -1000 -1000 -0.13 0.99695277
car -1 -1 -1 128.38 174.24 420.52 267.96 -1 -1 -1 -1000 -1000 -1000 0.04 0.98872560
car -1 -1 -1 679.49 174.67 743.37 205.37 -1 -1 -1 -1000 -1000 -1000 0.13 0.98072791
car -1 -1 -1 713.01 178.27 802.41 235.95 -1 -1 -1 -1000 -1000 -1000 -1.44 0.97613257
car -1 -1 -1 631.74 173.82 656.09 195.72 -1 -1 -1 -1000 -1000 -1000 -1.53 0.96831805
car -1 -1 -1 1125.08 237.97 1241.00 307.49 -1 -1 -1 -1000 -1000 -1000 -3.10 0.93051058
car -1 -1 -1 465.73 175.14 536.88 208.01 -1 -1 -1 -1000 -1000 -1000 -3.19 0.48892695
car -1 -1 -1 292.20 167.29 466.26 246.88 -1 -1 -1 -1000 -1000 -1000 -3.10 0.37801978
