car -1 -1 -1 0.00 208.16 278.88 361.77 -1 -1 -1 -1000 -1000 -1000 1.53 0.99987686
car -1 -1 -1 212.85 198.95 373.13 296.65 -1 -1 -1 -1000 -1000 -1000 1.61 0.99984205
car -1 -1 -1 346.14 195.08 437.56 253.02 -1 -1 -1 -1000 -1000 -1000 1.61 0.99979407
car -1 -1 -1 900.24 145.44 1142.47 223.51 -1 -1 -1 -1000 -1000 -1000 3.10 0.99973637
car -1 -1 -1 423.49 187.61 487.73 230.83 -1 -1 -1 -1000 -1000 -1000 1.61 0.99932265
car -1 -1 -1 668.27 180.32 743.37 215.00 -1 -1 -1 -1000 -1000 -1000 -1.44 0.99694735
car -1 -1 -1 788.54 151.11 967.56 204.89 -1 -1 -1 -1000 -1000 -1000 2.49 0.96834779
car -1 -1 -1 642.51 176.44 685.68 204.26 -1 -1 -1 -1000 -1000 -1000 -1.53 0.96267915
car -1 -1 -1 595.82 174.95 616.22 190.13 -1 -1 -1 -1000 -1000 -1000 -3.19 0.91582441
car -1 -1 -1 489.88 183.98 530.51 214.39 -1 -1 -1 -1000 -1000 -1000 -3.19 0.50339681
car -1 -1 -1 517.75 181.34 548.58 203.95 -1 -1 -1 -1000 -1000 -1000 -3.19 0.09672504
