car -1 -1 -1 0.00 217.27 228.79 374.00 -1 -1 -1 -1000 -1000 -1000 1.53 0.99999726
car -1 -1 -1 710.91 173.33 819.88 261.23 -1 -1 -1 -1000 -1000 -1000 -1.61 0.99967158
car -1 -1 -1 440.06 183.04 498.67 220.55 -1 -1 -1 -1000 -1000 -1000 1.61 0.99937963
car -1 -1 -1 1008.60 134.27 1238.78 266.69 -1 -1 -1 -1000 -1000 -1000 2.57 0.99930620
car -1 -1 -1 845.08 147.29 1131.90 229.29 -1 -1 -1 -1000 -1000 -1000 2.49 0.99851543
car -1 -1 -1 314.51 180.85 435.96 249.50 -1 -1 -1 -1000 -1000 -1000 -1.53 0.99752444
car -1 -1 -1 472.58 180.18 517.90 215.63 -1 -1 -1 -1000 -1000 -1000 1.53 0.98725468
car -1 -1 -1 709.68 163.45 798.22 190.77 -1 -1 -1 -1000 -1000 -1000 -3.01 0.98154485
car -1 -1 -1 499.78 181.76 530.54 204.69 -1 -1 -1 -1000 -1000 -1000 -3.19 0.42720386
car -1 -1 -1 1147.65 170.63 1234.91 317.22 -1 -1 -1 -1000 -1000 -1000 -3.19 0.42184058
