car -1 -1 -1 377.10 194.76 461.48 245.85 -1 -1 -1 -1000 -1000 -1000 1.61 0.99918562
car -1 -1 -1 60.55 208.29 156.33 245.32 -1 -1 -1 -1000 -1000 -1000 -1.09 0.99915087
car -1 -1 -1 466.71 179.84 515.22 216.50 -1 -1 -1 -1000 -1000 -1000 1.61 0.99787211
car -1 -1 -1 424.21 192.10 487.73 234.52 -1 -1 -1 -1000 -1000 -1000 1.61 0.99575883
car -1 -1 -1 658.60 177.87 720.60 215.69 -1 -1 -1 -1000 -1000 -1000 -1.70 0.99110097
car -1 -1 -1 1042.84 137.58 1156.83 182.62 -1 -1 -1 -1000 -1000 -1000 -1.00 0.98787713
car -1 -1 -1 0.00 210.25 102.04 251.75 -1 -1 -1 -1000 -1000 -1000 -1.61 0.96930432
car -1 -1 -1 538.72 176.17 561.01 195.09 -1 -1 -1 -1000 -1000 -1000 -3.19 0.91777110
car -1 -1 -1 497.75 178.40 530.40 207.73 -1 -1 -1 -1000 -1000 -1000 1.61 0.49679714
car -1 -1 -1 519.17 183.38 544.40 209.49 -1 -1 -1 -1000 -1000 -1000 -3.19 0.10360044
