car -1 -1 -1 1.48 174.69 268.76 329.81 -1 -1 -1 -1000 -1000 -1000 3.10 0.99996161
car -1 -1 -1 761.52 150.07 1088.10 361.76 -1 -1 -1 -1000 -1000 -1000 -1.53 0.99991751
car -1 -1 -1 168.46 158.92 417.85 258.87 -1 -1 -1 -1000 -1000 -1000 3.10 0.99910140
car -1 -1 -1 656.07 175.45 709.88 211.26 -1 -1 -1 -1000 -1000 -1000 -1.61 0.99856085
car -1 -1 -1 401.69 167.91 527.16 207.57 -1 -1 -1 -1000 -1000 -1000 -3.10 0.99852306
car -1 -1 -1 680.69 170.66 765.00 235.53 -1 -1 -1 -1000 -1000 -1000 -1.53 0.99850661
car -1 -1 -1 714.04 180.79 821.92 279.19 -1 -1 -1 -1000 -1000 -1000 -1.53 0.99794942
car -1 -1 -1 637.73 166.66 675.86 195.93 -1 -1 -1 -1000 -1000 -1000 -1.61 0.98788571
car -1 -1 -1 324.52 166.65 483.36 227.26 -1 -1 -1 -1000 -1000 -1000 -3.10 0.97582132
car -1 -1 -1 495.01 167.40 548.24 198.35 -1 -1 -1 -1000 -1000 -1000 -3.19 0.10737831
