car -1 -1 -1 56.35 187.70 370.57 338.62 -1 -1 -1 -1000 -1000 -1000 1.53 0.99997544
car -1 -1 -1 964.18 185.20 1240.51 373.58 -1 -1 -1 -1000 -1000 -1000 -1.61 0.99991179
car -1 -1 -1 790.00 177.21 1053.67 324.72 -1 -1 -1 -1000 -1000 -1000 -1.61 0.99990892
car -1 -1 -1 295.46 189.18 449.63 274.99 -1 -1 -1 -1000 -1000 -1000 1.61 0.99975377
car -1 -1 -1 724.65 180.12 864.41 261.85 -1 -1 -1 -1000 -1000 -1000 -1.53 0.99970120
car -1 -1 -1 707.38 173.31 784.06 234.09 -1 -1 -1 -1000 -1000 -1000 -1.53 0.99933225
car -1 -1 -1 400.07 187.85 480.98 249.11 -1 -1 -1 -1000 -1000 -1000 1.61 0.99868220
car -1 -1 -1 502.70 176.60 549.61 210.61 -1 -1 -1 -1000 -1000 -1000 1.61 0.99710184
car -1 -1 -1 691.34 179.96 732.57 216.69 -1 -1 -1 -1000 -1000 -1000 -1.61 0.99642521
car -1 -1 -1 577.80 174.67 615.67 194.02 -1 -1 -1 -1000 -1000 -1000 -1.00 0.97133678
car -1 -1 -1 1008.47 168.35 1206.08 261.98 -1 -1 -1 -1000 -1000 -1000 -3.19 0.18503360
