car -1 -1 -1 752.29 174.72 1032.75 341.44 -1 -1 -1 -1000 -1000 -1000 -1.61 0.99996316
car -1 -1 -1 56.09 209.72 325.63 329.77 -1 -1 -1 -1000 -1000 -1000 1.53 0.99993265
car -1 -1 -1 322.94 174.63 433.00 255.10 -1 -1 -1 -1000 -1000 -1000 1.61 0.99915993
car -1 -1 -1 0.00 228.65 54.88 371.25 -1 -1 -1 -1000 -1000 -1000 1.53 0.99897659
car -1 -1 -1 462.26 178.11 506.85 211.31 -1 -1 -1 -1000 -1000 -1000 1.61 0.99851531
car -1 -1 -1 393.33 173.57 472.71 231.11 -1 -1 -1 -1000 -1000 -1000 1.61 0.99796802
car -1 -1 -1 540.99 171.59 575.55 197.51 -1 -1 -1 -1000 -1000 -1000 1.61 0.99285877
car -1 -1 -1 701.81 167.39 766.43 194.60 -1 -1 -1 -1000 -1000 -1000 -2.92 0.98615879
car -1 -1 -1 514.03 178.85 540.96 199.23 -1 -1 -1 -1000 -1000 -1000 1.61 0.98430759
car -1 -1 -1 635.11 172.87 658.86 191.44 -1 -1 -1 -1000 -1000 -1000 -1.44 0.96290118
car -1 -1 -1 51.59 236.76 156.82 334.74 -1 -1 -1 -1000 -1000 -1000 -3.19 0.13599913
