car -1 -1 -1 417.50 188.48 485.66 232.77 -1 -1 -1 -1000 -1000 -1000 1.61 0.99909830
car -1 -1 -1 5.74 218.50 79.79 374.00 -1 -1 -1 -1000 -1000 -1000 1.53 0.99909735
car -1 -1 -1 485.17 179.18 525.40 207.09 -1 -1 -1 -1000 -1000 -1000 1.61 0.99752718
car -1 -1 -1 647.93 174.49 705.70 206.77 -1 -1 -1 -1000 -1000 -1000 -1.09 0.99302918
car -1 -1 -1 132.68 202.95 210.03 235.52 -1 -1 -1 -1000 -1000 -1000 -1.44 0.99237800
car -1 -1 -1 452.54 183.68 494.53 218.42 -1 -1 -1 -1000 -1000 -1000 1.61 0.92073524
car -1 -1 -1 26.91 205.39 108.89 241.98 -1 -1 -1 -1000 -1000 -1000 -1.53 0.92046660
car -1 -1 -1 80.09 209.92 148.44 237.70 -1 -1 -1 -1000 -1000 -1000 -1.53 0.87079638
car -1 -1 -1 186.36 198.13 259.41 230.86 -1 -1 -1 -1000 -1000 -1000 -3.19 0.20588866
car -1 -1 -1 0.62 196.63 26.02 248.18 -1 -1 -1 -1000 -1000 -1000 -3.19 0.10284316
car -1 -1 -1 541.16 172.07 562.17 191.11 -1 -1 -1 -1000 -1000 -1000 -3.19 0.07538810
