car -1 -1 -1 674.39 173.27 766.99 250.24 -1 -1 -1 -1000 -1000 -1000 -1.53 0.99982160
car -1 -1 -1 118.69 182.54 370.06 289.22 -1 -1 -1 -1000 -1000 -1000 -0.13 0.99964356
car -1 -1 -1 1.33 170.55 96.86 374.00 -1 -1 -1 -1000 -1000 -1000 -3.10 0.99844462
car -1 -1 -1 736.56 183.83 855.51 233.12 -1 -1 -1 -1000 -1000 -1000 -0.04 0.99683088
car -1 -1 -1 319.65 173.84 489.19 236.57 -1 -1 -1 -1000 -1000 -1000 0.04 0.98647618
car -1 -1 -1 420.36 175.94 522.56 212.59 -1 -1 -1 -1000 -1000 -1000 -3.10 0.97891963
car -1 -1 -1 633.48 172.76 656.03 192.40 -1 -1 -1 -1000 -1000 -1000 -1.53 0.93193221
car -1 -1 -1 473.60 175.23 542.01 201.47 -1 -1 -1 -1000 -1000 -1000 -3.19 0.86775827
car -1 -1 -1 894.97 186.18 1232.17 361.70 -1 -1 -1 -1000 -1000 -1000 -3.19 0.11369989
car -1 -1 -1 17.89 175.34 252.04 337.37 -1 -1 -1 -1000 -1000 -1000 -3.19 0.06007811
