car -1 -1 -1 162.58 196.80 375.50 300.46 -1 -1 -1 -1000 -1000 -1000 1.61 0.99993479
car -1 -1 -1 738.69 180.80 886.55 283.94 -1 -1 -1 -1000 -1000 -1000 -1.53 0.99992871
car -1 -1 -1 0.00 202.47 107.73 372.45 -1 -1 -1 -1000 -1000 -1000 1.61 0.99989891
car -1 -1 -1 325.82 188.85 437.62 259.69 -1 -1 -1 -1000 -1000 -1000 1.61 0.99962199
car -1 -1 -1 819.96 179.45 1227.67 368.69 -1 -1 -1 -1000 -1000 -1000 -1.53 0.99891198
car -1 -1 -1 431.81 183.60 502.52 226.13 -1 -1 -1 -1000 -1000 -1000 1.61 0.99859911
car -1 -1 -1 679.79 183.74 751.58 233.68 -1 -1 -1 -1000 -1000 -1000 -1.53 0.99701869
car -1 -1 -1 3.32 197.62 108.68 242.04 -1 -1 -1 -1000 -1000 -1000 0.74 0.99623460
car -1 -1 -1 655.39 178.05 706.82 214.99 -1 -1 -1 -1000 -1000 -1000 -1.53 0.99451572
car -1 -1 -1 500.79 181.63 536.53 207.44 -1 -1 -1 -1000 -1000 -1000 1.61 0.98980916
car -1 -1 -1 551.68 177.58 591.03 196.12 -1 -1 -1 -1000 -1000 -1000 -2.23 0.86998630
car -1 -1 -1 1143.30 104.80 1239.77 312.95 -1 -1 -1 -1000 -1000 -1000 -3.19 0.30696869
