car -1 -1 -1 923.89 182.92 1237.79 342.96 -1 -1 -1 -1000 -1000 -1000 -0.13 0.99997413
car -1 -1 -1 0.00 198.56 266.92 337.87 -1 -1 -1 -1000 -1000 -1000 3.10 0.99977392
car -1 -1 -1 200.53 175.11 430.08 250.57 -1 -1 -1 -1000 -1000 -1000 0.04 0.99971813
car -1 -1 -1 665.44 186.00 725.95 230.32 -1 -1 -1 -1000 -1000 -1000 -1.53 0.99922740
car -1 -1 -1 391.87 178.59 506.40 221.39 -1 -1 -1 -1000 -1000 -1000 0.13 0.99416721
car -1 -1 -1 554.82 177.91 582.94 201.71 -1 -1 -1 -1000 -1000 -1000 1.53 0.97764015
car -1 -1 -1 647.06 180.84 686.98 218.58 -1 -1 -1 -1000 -1000 -1000 -1.53 0.96824741
car -1 -1 -1 636.18 181.32 660.41 200.63 -1 -1 -1 -1000 -1000 -1000 -1.53 0.86808813
car -1 -1 -1 0.00 203.25 83.90 362.59 -1 -1 -1 -1000 -1000 -1000 3.10 0.81373644
car -1 -1 -1 508.27 171.84 552.08 196.35 -1 -1 -1 -1000 -1000 -1000 -3.19 0.37599313
car -1 -1 -1 465.92 173.99 537.83 202.95 -1 -1 -1 -1000 -1000 -1000 -3.19 0.29968688
