car -1 -1 -1 752.02 177.84 924.26 299.66 -1 -1 -1 -1000 -1000 -1000 -1.53 0.99995303
car -1 -1 -1 829.87 174.36 1230.80 373.74 -1 -1 -1 -1000 -1000 -1000 -1.53 0.99989378
car -1 -1 -1 112.17 200.72 355.15 315.53 -1 -1 -1 -1000 -1000 -1000 1.61 0.99984157
car -1 -1 -1 300.57 188.73 429.26 262.00 -1 -1 -1 -1000 -1000 -1000 1.61 0.99979299
car -1 -1 -1 687.97 180.62 764.54 237.58 -1 -1 -1 -1000 -1000 -1000 -1.53 0.99928635
car -1 -1 -1 3.68 193.83 67.36 248.95 -1 -1 -1 -1000 -1000 -1000 0.74 0.99912292
car -1 -1 -1 420.32 183.06 493.85 228.40 -1 -1 -1 -1000 -1000 -1000 1.61 0.99890578
car -1 -1 -1 656.13 176.88 701.37 206.66 -1 -1 -1 -1000 -1000 -1000 -1.53 0.99728167
car -1 -1 -1 495.65 181.12 535.70 207.16 -1 -1 -1 -1000 -1000 -1000 1.61 0.99472624
car -1 -1 -1 548.87 172.53 588.81 194.03 -1 -1 -1 -1000 -1000 -1000 -2.23 0.94801658
