car -1 -1 -1 0.00 168.27 310.69 312.65 -1 -1 -1 -1000 -1000 -1000 3.10 0.99993622
car -1 -1 -1 1014.44 181.32 1238.68 369.26 -1 -1 -1 -1000 -1000 -1000 0.04 0.99993515
car -1 -1 -1 632.44 178.00 679.47 217.59 -1 -1 -1 -1000 -1000 -1000 -1.61 0.99949408
car -1 -1 -1 1.09 179.44 96.55 374.00 -1 -1 -1 -1000 -1000 -1000 -3.10 0.99939442
car -1 -1 -1 329.39 178.70 464.97 222.92 -1 -1 -1 -1000 -1000 -1000 3.10 0.99922574
car -1 -1 -1 764.15 173.88 945.63 267.15 -1 -1 -1 -1000 -1000 -1000 0.13 0.99862528
car -1 -1 -1 826.18 188.74 1158.22 303.23 -1 -1 -1 -1000 -1000 -1000 0.04 0.99832696
car -1 -1 -1 484.53 180.60 523.96 208.89 -1 -1 -1 -1000 -1000 -1000 -3.19 0.78682876
car -1 -1 -1 615.30 173.98 655.37 208.99 -1 -1 -1 -1000 -1000 -1000 -1.61 0.78208631
car -1 -1 -1 191.61 183.22 354.83 266.49 -1 -1 -1 -1000 -1000 -1000 -3.19 0.05000557
