car -1 -1 -1 5.17 196.21 331.68 367.18 -1 -1 -1 -1000 -1000 -1000 1.53 0.99998617
car -1 -1 -1 796.60 182.08 1101.38 338.16 -1 -1 -1 -1000 -1000 -1000 -1.53 0.99985480
car -1 -1 -1 725.13 181.85 885.02 272.95 -1 -1 -1 -1000 -1000 -1000 -1.53 0.99977535
car -1 -1 -1 710.30 176.98 796.11 242.75 -1 -1 -1 -1000 -1000 -1000 -1.61 0.99969721
car -1 -1 -1 380.66 186.38 480.97 246.00 -1 -1 -1 -1000 -1000 -1000 1.61 0.99963117
car -1 -1 -1 270.21 190.62 437.31 286.06 -1 -1 -1 -1000 -1000 -1000 1.61 0.99962294
car -1 -1 -1 504.19 177.94 551.46 213.12 -1 -1 -1 -1000 -1000 -1000 1.53 0.99924833
car -1 -1 -1 695.48 178.45 752.78 217.81 -1 -1 -1 -1000 -1000 -1000 -1.61 0.99841142
car -1 -1 -1 582.06 172.36 625.17 190.31 -1 -1 -1 -1000 -1000 -1000 -0.22 0.98175538
car -1 -1 -1 1030.18 191.38 1238.91 369.11 -1 -1 -1 -1000 -1000 -1000 -1.61 0.96171367
