car -1 -1 -1 3.08 212.06 122.66 374.00 -1 -1 -1 -1000 -1000 -1000 1.53 0.99957627
car -1 -1 -1 733.94 180.73 817.71 252.50 -1 -1 -1 -1000 -1000 -1000 -1.61 0.99883217
car -1 -1 -1 489.96 183.52 550.73 225.52 -1 -1 -1 -1000 -1000 -1000 1.53 0.99861264
car -1 -1 -1 766.41 183.72 890.23 290.45 -1 -1 -1 -1000 -1000 -1000 -1.61 0.99819797
car -1 -1 -1 688.82 180.62 737.30 217.32 -1 -1 -1 -1000 -1000 -1000 -1.61 0.99797803
car -1 -1 -1 707.06 182.92 777.96 229.69 -1 -1 -1 -1000 -1000 -1000 -1.61 0.99741000
car -1 -1 -1 573.04 183.34 612.37 206.55 -1 -1 -1 -1000 -1000 -1000 1.79 0.98428369
car -1 -1 -1 852.29 170.62 1237.54 366.29 -1 -1 -1 -1000 -1000 -1000 -1.53 0.98421013
car -1 -1 -1 530.18 188.04 568.74 221.01 -1 -1 -1 -1000 -1000 -1000 1.61 0.93947554
car -1 -1 -1 1167.69 189.30 1241.00 351.77 -1 -1 -1 -1000 -1000 -1000 -3.19 0.11016714
