car -1 -1 -1 853.21 172.32 1237.70 373.82 -1 -1 -1 -1000 -1000 -1000 -1.53 0.99998164
car -1 -1 -1 2.31 216.68 158.34 374.00 -1 -1 -1 -1000 -1000 -1000 1.53 0.99996686
car -1 -1 -1 202.83 176.24 378.95 275.62 -1 -1 -1 -1000 -1000 -1000 1.61 0.99988413
car -1 -1 -1 332.76 176.85 434.17 243.38 -1 -1 -1 -1000 -1000 -1000 1.61 0.99972588
car -1 -1 -1 697.61 164.20 775.37 192.35 -1 -1 -1 -1000 -1000 -1000 0.13 0.99894816
car -1 -1 -1 531.97 177.85 566.20 204.00 -1 -1 -1 -1000 -1000 -1000 1.61 0.99837983
car -1 -1 -1 498.50 181.30 533.27 205.29 -1 -1 -1 -1000 -1000 -1000 1.61 0.99452519
car -1 -1 -1 627.70 173.60 654.53 193.08 -1 -1 -1 -1000 -1000 -1000 -1.53 0.98858589
car -1 -1 -1 428.91 181.18 484.29 216.29 -1 -1 -1 -1000 -1000 -1000 1.61 0.98461193
car -1 -1 -1 988.66 155.56 1241.00 258.27 -1 -1 -1 -1000 -1000 -1000 0.04 0.56146693
car -1 -1 -1 546.04 172.01 570.82 191.13 -1 -1 -1 -1000 -1000 -1000 -3.19 0.50713497
car -1 -1 -1 1158.52 136.57 1241.00 247.51 -1 -1 -1 -1000 -1000 -1000 -3.19 0.05626499
