car -1 -1 -1 87.56 201.79 416.85 374.00 -1 -1 -1 -1000 -1000 -1000 1.61 0.99995184
car -1 -1 -1 691.71 172.27 853.55 279.69 -1 -1 -1 -1000 -1000 -1000 -1.53 0.99990797
car -1 -1 -1 797.22 171.31 1150.09 374.00 -1 -1 -1 -1000 -1000 -1000 -1.53 0.99982375
car -1 -1 -1 334.25 190.72 480.90 284.29 -1 -1 -1 -1000 -1000 -1000 1.61 0.99974233
car -1 -1 -1 464.21 183.35 525.69 229.40 -1 -1 -1 -1000 -1000 -1000 1.61 0.99777168
car -1 -1 -1 679.44 171.12 753.98 226.98 -1 -1 -1 -1000 -1000 -1000 -1.53 0.99770564
car -1 -1 -1 418.11 185.49 496.39 237.16 -1 -1 -1 -1000 -1000 -1000 1.61 0.99467576
car -1 -1 -1 1093.79 201.51 1241.00 374.00 -1 -1 -1 -1000 -1000 -1000 -1.61 0.99199766
car -1 -1 -1 632.94 171.35 676.81 196.40 -1 -1 -1 -1000 -1000 -1000 -1.35 0.97709799
car -1 -1 -1 598.71 173.81 628.15 197.48 -1 -1 -1 -1000 -1000 -1000 -3.19 0.62831742
