car -1 -1 -1 362.03 181.99 523.65 282.49 -1 -1 -1 -1000 -1000 -1000 1.61 0.99998963
car -1 -1 -1 810.17 177.70 1216.45 372.20 -1 -1 -1 -1000 -1000 -1000 -1.53 0.99981779
car -1 -1 -1 710.42 185.64 861.20 287.00 -1 -1 -1 -1000 -1000 -1000 -1.53 0.99882787
car -1 -1 -1 452.10 179.71 534.19 246.20 -1 -1 -1 -1000 -1000 -1000 1.61 0.99881101
car -1 -1 -1 681.79 184.14 751.38 244.09 -1 -1 -1 -1000 -1000 -1000 -1.53 0.99879432
car -1 -1 -1 662.13 181.03 714.13 217.50 -1 -1 -1 -1000 -1000 -1000 -1.53 0.98643315
car -1 -1 -1 509.90 180.92 559.70 220.76 -1 -1 -1 -1000 -1000 -1000 1.61 0.98305476
car -1 -1 -1 541.86 178.96 571.50 208.06 -1 -1 -1 -1000 -1000 -1000 1.61 0.98299003
car -1 -1 -1 584.93 174.48 603.57 190.15 -1 -1 -1 -1000 -1000 -1000 -3.19 0.95019245
car -1 -1 -1 646.49 169.76 679.34 193.16 -1 -1 -1 -1000 -1000 -1000 -3.19 0.13512227
