car -1 -1 -1 4.54 220.61 171.61 364.32 -1 -1 -1 -1000 -1000 -1000 1.53 0.99997389
car -1 -1 -1 940.47 138.09 1241.00 230.52 -1 -1 -1 -1000 -1000 -1000 3.10 0.99987495
car -1 -1 -1 131.84 205.82 331.06 320.20 -1 -1 -1 -1000 -1000 -1000 1.53 0.99986136
car -1 -1 -1 307.42 197.33 419.25 265.98 -1 -1 -1 -1000 -1000 -1000 1.61 0.99972123
car -1 -1 -1 677.82 174.36 782.31 232.54 -1 -1 -1 -1000 -1000 -1000 -0.83 0.99913162
car -1 -1 -1 406.20 187.23 475.71 233.72 -1 -1 -1 -1000 -1000 -1000 1.61 0.99901569
car -1 -1 -1 480.68 184.03 525.79 216.84 -1 -1 -1 -1000 -1000 -1000 1.61 0.99249190
car -1 -1 -1 817.38 152.88 985.95 209.79 -1 -1 -1 -1000 -1000 -1000 2.49 0.98485535
car -1 -1 -1 592.26 175.39 616.46 190.87 -1 -1 -1 -1000 -1000 -1000 -1.70 0.97757280
car -1 -1 -1 645.09 177.32 690.93 205.13 -1 -1 -1 -1000 -1000 -1000 -1.53 0.93883097
car -1 -1 -1 518.78 180.34 548.29 201.92 -1 -1 -1 -1000 -1000 -1000 -3.19 0.36579651
