car -1 -1 -1 355.80 194.27 439.91 247.29 -1 -1 -1 -1000 -1000 -1000 1.61 0.99982870
car -1 -1 -1 453.66 178.16 503.37 217.29 -1 -1 -1 -1000 -1000 -1000 1.61 0.99806839
car -1 -1 -1 407.29 191.28 473.53 234.13 -1 -1 -1 -1000 -1000 -1000 1.61 0.99764985
car -1 -1 -1 17.42 206.61 127.32 250.09 -1 -1 -1 -1000 -1000 -1000 -1.18 0.99643999
car -1 -1 -1 668.13 173.85 728.56 215.55 -1 -1 -1 -1000 -1000 -1000 -1.70 0.98537987
car -1 -1 -1 529.05 173.56 552.11 194.10 -1 -1 -1 -1000 -1000 -1000 1.61 0.95973861
car -1 -1 -1 501.74 178.56 529.02 202.75 -1 -1 -1 -1000 -1000 -1000 1.61 0.95160699
car -1 -1 -1 1068.42 137.16 1211.62 184.86 -1 -1 -1 -1000 -1000 -1000 -3.19 0.88375342
car -1 -1 -1 683.45 168.92 745.25 191.06 -1 -1 -1 -1000 -1000 -1000 -3.01 0.75390178
car -1 -1 -1 1190.82 120.90 1237.85 179.17 -1 -1 -1 -1000 -1000 -1000 -3.19 0.07359169
