car -1 -1 -1 1.52 219.93 303.38 374.00 -1 -1 -1 -1000 -1000 -1000 1.53 0.99996686
car -1 -1 -1 690.13 206.84 999.78 374.00 -1 -1 -1 -1000 -1000 -1000 -1.61 0.99987948
car -1 -1 -1 616.73 203.22 762.67 300.90 -1 -1 -1 -1000 -1000 -1000 -1.61 0.99985361
car -1 -1 -1 223.69 217.57 360.75 301.20 -1 -1 -1 -1000 -1000 -1000 1.61 0.99983299
car -1 -1 -1 866.29 205.65 1241.00 374.00 -1 -1 -1 -1000 -1000 -1000 -1.61 0.99981064
car -1 -1 -1 557.54 188.61 662.97 267.58 -1 -1 -1 -1000 -1000 -1000 -1.44 0.99967706
car -1 -1 -1 344.03 191.83 408.60 247.66 -1 -1 -1 -1000 -1000 -1000 1.53 0.99708706
car -1 -1 -1 522.30 195.32 575.86 235.98 -1 -1 -1 -1000 -1000 -1000 -1.53 0.99693823
car -1 -1 -1 505.16 198.88 536.71 225.22 -1 -1 -1 -1000 -1000 -1000 -1.53 0.89876395
car -1 -1 -1 406.38 196.26 435.69 223.29 -1 -1 -1 -1000 -1000 -1000 1.61 0.89732605
