car -1 -1 -1 20.94 192.65 348.38 365.57 -1 -1 -1 -1000 -1000 -1000 1.53 0.99996650
car -1 -1 -1 263.97 191.16 434.44 279.55 -1 -1 -1 -1000 -1000 -1000 1.53 0.99992669
car -1 -1 -1 782.73 183.18 1100.32 354.69 -1 -1 -1 -1000 -1000 -1000 -1.53 0.99974459
car -1 -1 -1 712.35 180.03 804.50 244.24 -1 -1 -1 -1000 -1000 -1000 -1.53 0.99973577
car -1 -1 -1 968.44 188.71 1232.57 372.44 -1 -1 -1 -1000 -1000 -1000 -1.53 0.99973172
car -1 -1 -1 694.23 178.10 750.64 224.52 -1 -1 -1 -1000 -1000 -1000 -1.61 0.99887818
car -1 -1 -1 468.92 182.23 527.82 222.05 -1 -1 -1 -1000 -1000 -1000 1.53 0.99853885
car -1 -1 -1 739.02 179.76 878.65 277.25 -1 -1 -1 -1000 -1000 -1000 -1.53 0.99564552
car -1 -1 -1 626.83 171.47 656.26 190.66 -1 -1 -1 -1000 -1000 -1000 -1.09 0.96527481
car -1 -1 -1 961.00 183.15 1087.56 212.56 -1 -1 -1 -1000 -1000 -1000 -3.19 0.75066000
car -1 -1 -1 1166.05 184.78 1236.24 227.47 -1 -1 -1 -1000 -1000 -1000 -3.19 0.05531719
