car -1 -1 -1 396.48 190.06 519.26 261.80 -1 -1 -1 -1000 -1000 -1000 -1.61 0.99955994
car -1 -1 -1 903.89 166.10 1018.98 240.42 -1 -1 -1 -1000 -1000 -1000 1.44 0.99906331
car -1 -1 -1 272.37 183.30 343.50 225.94 -1 -1 -1 -1000 -1000 -1000 -1.61 0.99511528
car -1 -1 -1 535.39 175.37 832.50 324.28 -1 -1 -1 -1000 -1000 -1000 -1.61 0.99476105
car -1 -1 -1 462.50 173.52 564.13 218.63 -1 -1 -1 -1000 -1000 -1000 -3.01 0.99009490
car -1 -1 -1 247.67 180.28 275.70 202.35 -1 -1 -1 -1000 -1000 -1000 -1.53 0.98845983
car -1 -1 -1 58.18 182.48 153.06 220.02 -1 -1 -1 -1000 -1000 -1000 1.61 0.97831583
car -1 -1 -1 787.83 171.68 890.01 223.84 -1 -1 -1 -1000 -1000 -1000 1.35 0.95964837
car -1 -1 -1 3.31 185.00 42.87 321.72 -1 -1 -1 -1000 -1000 -1000 -3.19 0.54701149
car -1 -1 -1 973.15 152.78 1190.14 206.73 -1 -1 -1 -1000 -1000 -1000 -3.19 0.31878358
