car -1 -1 -1 0.00 212.07 260.37 374.00 -1 -1 -1 -1000 -1000 -1000 1.53 0.99997008
car -1 -1 -1 745.47 194.88 1004.70 364.62 -1 -1 -1 -1000 -1000 -1000 -1.53 0.99993014
car -1 -1 -1 598.26 185.99 669.35 237.69 -1 -1 -1 -1000 -1000 -1000 -1.61 0.99905533
car -1 -1 -1 419.64 189.60 468.81 220.51 -1 -1 -1 -1000 -1000 -1000 1.61 0.99850452
car -1 -1 -1 223.82 194.90 291.11 224.60 -1 -1 -1 -1000 -1000 -1000 0.74 0.99695337
car -1 -1 -1 826.83 172.56 950.34 229.84 -1 -1 -1 -1000 -1000 -1000 2.66 0.99356467
car -1 -1 -1 752.18 175.66 848.13 213.55 -1 -1 -1 -1000 -1000 -1000 -3.01 0.98253721
car -1 -1 -1 580.31 185.55 601.51 204.06 -1 -1 -1 -1000 -1000 -1000 -1.53 0.84237164
car -1 -1 -1 0.00 223.14 82.93 374.00 -1 -1 -1 -1000 -1000 -1000 -3.19 0.46209463
car -1 -1 -1 108.95 216.23 162.27 235.44 -1 -1 -1 -1000 -1000 -1000 -3.19 0.45161107
car -1 -1 -1 588.44 187.90 629.30 220.00 -1 -1 -1 -1000 -1000 -1000 -3.19 0.18183599
