car -1 -1 -1 766.30 198.22 976.71 334.43 -1 -1 -1 -1000 -1000 -1000 -1.53 0.99998331
car -1 -1 -1 0.00 188.87 218.56 354.40 -1 -1 -1 -1000 -1000 -1000 3.10 0.99993968
car -1 -1 -1 667.42 182.22 758.29 246.03 -1 -1 -1 -1000 -1000 -1000 -1.53 0.99980420
car -1 -1 -1 345.00 180.80 491.69 238.99 -1 -1 -1 -1000 -1000 -1000 0.13 0.99933559
car -1 -1 -1 220.57 180.25 415.97 259.53 -1 -1 -1 -1000 -1000 -1000 -3.10 0.99833566
car -1 -1 -1 654.31 178.55 705.58 215.84 -1 -1 -1 -1000 -1000 -1000 -1.70 0.99580175
car -1 -1 -1 483.86 175.57 540.92 207.17 -1 -1 -1 -1000 -1000 -1000 1.61 0.99321717
car -1 -1 -1 75.79 197.19 360.22 284.42 -1 -1 -1 -1000 -1000 -1000 -3.10 0.93531489
car -1 -1 -1 646.12 175.31 675.88 202.40 -1 -1 -1 -1000 -1000 -1000 -3.19 0.63121724
car -1 -1 -1 746.44 198.07 857.41 297.39 -1 -1 -1 -1000 -1000 -1000 -3.19 0.10297978
