car -1 -1 -1 98.30 180.98 388.33 283.04 -1 -1 -1 -1000 -1000 -1000 0.04 0.99981362
car -1 -1 -1 677.87 185.12 753.69 242.99 -1 -1 -1 -1000 -1000 -1000 -1.53 0.99965453
car -1 -1 -1 3.42 185.50 125.27 359.12 -1 -1 -1 -1000 -1000 -1000 3.10 0.99960667
car -1 -1 -1 398.02 180.75 506.34 228.19 -1 -1 -1 -1000 -1000 -1000 0.04 0.99923575
car -1 -1 -1 655.81 178.12 702.01 218.48 -1 -1 -1 -1000 -1000 -1000 -1.53 0.99566597
car -1 -1 -1 642.71 172.78 672.19 198.15 -1 -1 -1 -1000 -1000 -1000 -1.53 0.99456149
car -1 -1 -1 491.37 168.17 545.08 194.57 -1 -1 -1 -1000 -1000 -1000 2.57 0.98817807
car -1 -1 -1 548.78 176.65 581.37 200.91 -1 -1 -1 -1000 -1000 -1000 1.53 0.96611071
car -1 -1 -1 1187.30 216.10 1241.00 368.40 -1 -1 -1 -1000 -1000 -1000 -0.04 0.93140626
car -1 -1 -1 1211.16 241.11 1241.00 300.73 -1 -1 -1 -1000 -1000 -1000 -3.19 0.05803975
