car -1 -1 -1 136.77 184.77 463.67 364.60 -1 -1 -1 -1000 -1000 -1000 1.61 0.99996507
car -1 -1 -1 765.51 194.07 1060.66 374.00 -1 -1 -1 -1000 -1000 -1000 -1.61 0.99996102
car -1 -1 -1 699.04 190.88 824.15 283.55 -1 -1 -1 -1000 -1000 -1000 -1.53 0.99991119
car -1 -1 -1 373.30 177.87 503.51 276.54 -1 -1 -1 -1000 -1000 -1000 1.53 0.99981636
car -1 -1 -1 663.98 181.03 720.24 222.44 -1 -1 -1 -1000 -1000 -1000 -1.53 0.99932158
car -1 -1 -1 484.87 176.02 543.77 223.62 -1 -1 -1 -1000 -1000 -1000 1.61 0.99860698
car -1 -1 -1 519.07 177.43 564.02 211.87 -1 -1 -1 -1000 -1000 -1000 1.61 0.99623764
car -1 -1 -1 574.12 169.22 595.34 186.84 -1 -1 -1 -1000 -1000 -1000 1.53 0.98134506
car -1 -1 -1 644.14 170.42 677.52 199.26 -1 -1 -1 -1000 -1000 -1000 -1.61 0.97759640
car -1 -1 -1 1070.40 205.38 1237.90 372.08 -1 -1 -1 -1000 -1000 -1000 -1.53 0.96536970
