car -1 -1 -1 314.38 184.20 510.16 299.91 -1 -1 -1 -1000 -1000 -1000 1.53 0.99999285
car -1 -1 -1 726.30 198.27 896.55 302.21 -1 -1 -1 -1000 -1000 -1000 -1.61 0.99982232
car -1 -1 -1 694.02 186.42 762.59 259.54 -1 -1 -1 -1000 -1000 -1000 -1.53 0.99955112
car -1 -1 -1 439.74 181.82 523.60 246.87 -1 -1 -1 -1000 -1000 -1000 1.53 0.99946159
car -1 -1 -1 837.78 177.06 1241.00 374.00 -1 -1 -1 -1000 -1000 -1000 -1.61 0.99936074
car -1 -1 -1 664.42 183.09 715.08 219.77 -1 -1 -1 -1000 -1000 -1000 -1.53 0.99645519
car -1 -1 -1 526.99 179.85 573.17 215.49 -1 -1 -1 -1000 -1000 -1000 1.61 0.99642330
car -1 -1 -1 646.90 171.14 678.71 197.95 -1 -1 -1 -1000 -1000 -1000 -1.53 0.95449197
car -1 -1 -1 582.24 176.44 602.33 192.72 -1 -1 -1 -1000 -1000 -1000 -3.19 0.95318472
car -1 -1 -1 499.31 182.89 554.71 228.91 -1 -1 -1 -1000 -1000 -1000 1.61 0.84074354
