car -1 -1 -1 0.00 201.16 211.62 374.00 -1 -1 -1 -1000 -1000 -1000 1.53 0.99994409
car -1 -1 -1 898.73 185.23 1241.00 373.94 -1 -1 -1 -1000 -1000 -1000 -1.61 0.99992406
car -1 -1 -1 759.29 182.17 985.14 311.65 -1 -1 -1 -1000 -1000 -1000 -1.53 0.99991035
car -1 -1 -1 318.87 187.70 452.82 265.85 -1 -1 -1 -1000 -1000 -1000 1.61 0.99987423
car -1 -1 -1 137.08 192.35 393.19 318.79 -1 -1 -1 -1000 -1000 -1000 1.53 0.99986792
car -1 -1 -1 717.64 182.84 850.10 260.18 -1 -1 -1 -1000 -1000 -1000 -1.53 0.99949300
car -1 -1 -1 705.90 178.84 770.86 230.39 -1 -1 -1 -1000 -1000 -1000 -1.53 0.99827862
car -1 -1 -1 486.43 180.69 537.98 216.62 -1 -1 -1 -1000 -1000 -1000 1.53 0.99822551
car -1 -1 -1 1095.60 178.88 1240.60 238.30 -1 -1 -1 -1000 -1000 -1000 2.57 0.99538851
car -1 -1 -1 607.16 175.35 641.47 193.34 -1 -1 -1 -1000 -1000 -1000 -1.09 0.98693931
car -1 -1 -1 1038.18 175.70 1161.91 220.67 -1 -1 -1 -1000 -1000 -1000 -3.19 0.13194171
