car -1 -1 -1 722.91 198.19 951.23 327.68 -1 -1 -1 -1000 -1000 -1000 -1.53 0.99998677
car -1 -1 -1 225.01 206.44 466.37 330.65 -1 -1 -1 -1000 -1000 -1000 -1.53 0.99998176
car -1 -1 -1 485.16 191.42 547.32 242.06 -1 -1 -1 -1000 -1000 -1000 -1.53 0.99981028
car -1 -1 -1 0.00 223.51 354.56 366.99 -1 -1 -1 -1000 -1000 -1000 1.53 0.99942267
car -1 -1 -1 530.45 191.33 566.27 220.71 -1 -1 -1 -1000 -1000 -1000 1.61 0.99855381
car -1 -1 -1 696.82 202.65 812.17 272.14 -1 -1 -1 -1000 -1000 -1000 -1.61 0.99846858
car -1 -1 -1 660.92 186.91 746.24 246.89 -1 -1 -1 -1000 -1000 -1000 -1.61 0.99837863
car -1 -1 -1 632.46 183.26 669.27 210.77 -1 -1 -1 -1000 -1000 -1000 -1.35 0.97994941
car -1 -1 -1 565.98 190.60 582.79 208.38 -1 -1 -1 -1000 -1000 -1000 -3.19 0.43136841
car -1 -1 -1 647.10 185.42 703.17 224.92 -1 -1 -1 -1000 -1000 -1000 -3.19 0.05064229
