car -1 -1 -1 0.00 216.82 159.90 373.77 -1 -1 -1 -1000 -1000 -1000 1.61 0.99977392
car -1 -1 -1 865.29 143.71 1078.39 208.67 -1 -1 -1 -1000 -1000 -1000 3.10 0.99976772
car -1 -1 -1 270.45 201.05 403.22 277.34 -1 -1 -1 -1000 -1000 -1000 1.61 0.99975616
car -1 -1 -1 99.94 208.29 322.04 323.46 -1 -1 -1 -1000 -1000 -1000 1.61 0.99972588
car -1 -1 -1 370.87 190.25 449.09 248.85 -1 -1 -1 -1000 -1000 -1000 1.61 0.99966073
car -1 -1 -1 439.88 187.54 499.12 227.72 -1 -1 -1 -1000 -1000 -1000 1.61 0.99823159
car -1 -1 -1 654.57 180.33 725.20 217.36 -1 -1 -1 -1000 -1000 -1000 -1.44 0.99570495
car -1 -1 -1 1193.54 127.95 1240.27 180.25 -1 -1 -1 -1000 -1000 -1000 -3.10 0.90208554
car -1 -1 -1 768.87 152.61 957.46 200.80 -1 -1 -1 -1000 -1000 -1000 -3.19 0.83356005
car -1 -1 -1 595.61 178.45 615.74 194.13 -1 -1 -1 -1000 -1000 -1000 -1.44 0.82400507
