car -1 -1 -1 116.09 184.08 305.54 257.79 -1 -1 -1 -1000 -1000 -1000 -0.13 0.99986720
car -1 -1 -1 791.87 185.07 1124.95 373.44 -1 -1 -1 -1000 -1000 -1000 -1.61 0.99983871
car -1 -1 -1 684.20 182.57 813.51 265.72 -1 -1 -1 -1000 -1000 -1000 -1.53 0.99957389
car -1 -1 -1 415.78 182.37 497.42 241.32 -1 -1 -1 -1000 -1000 -1000 1.53 0.99953866
car -1 -1 -1 1.91 197.57 122.83 373.33 -1 -1 -1 -1000 -1000 -1000 1.53 0.99941719
car -1 -1 -1 669.92 182.52 745.98 229.13 -1 -1 -1 -1000 -1000 -1000 -1.53 0.99765801
car -1 -1 -1 655.83 178.83 706.40 215.54 -1 -1 -1 -1000 -1000 -1000 -1.53 0.99758518
car -1 -1 -1 481.42 180.78 536.19 215.51 -1 -1 -1 -1000 -1000 -1000 1.61 0.76854432
car -1 -1 -1 1001.25 206.51 1239.58 373.73 -1 -1 -1 -1000 -1000 -1000 -3.19 0.57531410
car -1 -1 -1 533.36 178.85 558.34 198.34 -1 -1 -1 -1000 -1000 -1000 -3.19 0.52090567
