car -1 -1 -1 761.33 180.89 969.54 314.42 -1 -1 -1 -1000 -1000 -1000 -1.53 0.99997306
car -1 -1 -1 280.39 189.50 412.61 269.96 -1 -1 -1 -1000 -1000 -1000 1.61 0.99988854
car -1 -1 -1 882.14 167.13 1240.03 372.21 -1 -1 -1 -1000 -1000 -1000 -1.53 0.99984169
car -1 -1 -1 46.99 200.80 335.19 330.43 -1 -1 -1 -1000 -1000 -1000 1.61 0.99977154
car -1 -1 -1 413.36 183.29 489.75 230.83 -1 -1 -1 -1000 -1000 -1000 1.61 0.99945563
car -1 -1 -1 690.46 185.86 773.69 240.11 -1 -1 -1 -1000 -1000 -1000 -1.53 0.99938464
car -1 -1 -1 492.22 180.94 533.80 208.92 -1 -1 -1 -1000 -1000 -1000 1.61 0.99701643
car -1 -1 -1 657.37 178.66 703.92 214.21 -1 -1 -1 -1000 -1000 -1000 -1.53 0.99690765
car -1 -1 -1 544.82 171.17 581.07 192.85 -1 -1 -1 -1000 -1000 -1000 -3.19 0.85108519
car -1 -1 -1 0.57 191.22 33.13 260.02 -1 -1 -1 -1000 -1000 -1000 1.44 0.76900536
