car -1 -1 -1 344.25 194.30 434.01 251.92 -1 -1 -1 -1000 -1000 -1000 1.61 0.99984646
car -1 -1 -1 456.95 177.49 504.53 219.05 -1 -1 -1 -1000 -1000 -1000 1.61 0.99828076
car -1 -1 -1 403.94 189.93 476.13 234.09 -1 -1 -1 -1000 -1000 -1000 1.61 0.99568534
car -1 -1 -1 666.00 175.75 737.86 224.61 -1 -1 -1 -1000 -1000 -1000 -1.70 0.99502736
car -1 -1 -1 1088.02 134.33 1209.34 185.71 -1 -1 -1 -1000 -1000 -1000 -0.22 0.99361527
car -1 -1 -1 0.57 204.57 99.81 248.77 -1 -1 -1 -1000 -1000 -1000 -1.09 0.98471814
car -1 -1 -1 491.58 183.53 530.56 212.05 -1 -1 -1 -1000 -1000 -1000 1.61 0.97978801
car -1 -1 -1 676.47 167.82 751.54 191.56 -1 -1 -1 -1000 -1000 -1000 -3.01 0.97214395
car -1 -1 -1 529.21 173.05 552.20 193.20 -1 -1 -1 -1000 -1000 -1000 1.61 0.95511425
car -1 -1 -1 536.36 182.03 562.06 196.59 -1 -1 -1 -1000 -1000 -1000 -3.19 0.46308649
