car -1 -1 -1 784.29 186.53 1229.05 363.67 -1 -1 -1 -1000 -1000 -1000 -1.53 0.99990177
car -1 -1 -1 748.15 179.17 858.90 231.44 -1 -1 -1 -1000 -1000 -1000 -0.13 0.99906594
car -1 -1 -1 358.52 170.25 516.74 223.42 -1 -1 -1 -1000 -1000 -1000 -3.10 0.99896801
car -1 -1 -1 240.45 168.76 453.72 242.24 -1 -1 -1 -1000 -1000 -1000 -3.10 0.99835229
car -1 -1 -1 460.08 173.03 547.36 203.39 -1 -1 -1 -1000 -1000 -1000 0.04 0.99410456
car -1 -1 -1 689.88 181.94 764.81 213.45 -1 -1 -1 -1000 -1000 -1000 0.13 0.98944795
car -1 -1 -1 637.07 178.15 666.14 200.47 -1 -1 -1 -1000 -1000 -1000 -1.70 0.97739750
car -1 -1 -1 2.04 167.64 270.82 347.17 -1 -1 -1 -1000 -1000 -1000 3.10 0.96339446
car -1 -1 -1 135.54 141.51 373.01 289.44 -1 -1 -1 -1000 -1000 -1000 -3.10 0.51937848
car -1 -1 -1 779.59 182.92 946.11 270.09 -1 -1 -1 -1000 -1000 -1000 -3.19 0.16166593
