car -1 -1 -1 633.30 180.78 760.96 276.29 -1 -1 -1 -1000 -1000 -1000 -1.53 0.99998546
car -1 -1 -1 239.61 189.42 382.00 273.26 -1 -1 -1 -1000 -1000 -1000 -1.53 0.99982506
car -1 -1 -1 0.00 188.54 195.93 375.00 -1 -1 -1 -1000 -1000 -1000 1.53 0.99971610
car -1 -1 -1 521.54 179.23 569.28 223.31 -1 -1 -1 -1000 -1000 -1000 -1.53 0.99669963
car -1 -1 -1 336.43 196.63 441.94 240.51 -1 -1 -1 -1000 -1000 -1000 -1.53 0.99531484
car -1 -1 -1 396.19 187.96 454.36 226.11 -1 -1 -1 -1000 -1000 -1000 -1.53 0.99527621
car -1 -1 -1 114.97 163.93 279.64 244.96 -1 -1 -1 -1000 -1000 -1000 -1.53 0.98536253
car -1 -1 -1 444.88 187.44 471.82 212.13 -1 -1 -1 -1000 -1000 -1000 -1.53 0.95349830
car -1 -1 -1 565.87 183.95 585.04 202.70 -1 -1 -1 -1000 -1000 -1000 -1.53 0.87626302
car -1 -1 -1 296.43 189.31 371.47 225.25 -1 -1 -1 -1000 -1000 -1000 -3.19 0.09908397
