car -1 -1 -1 791.63 186.67 995.19 323.35 -1 -1 -1 -1000 -1000 -1000 -1.61 0.99993861
car -1 -1 -1 319.03 186.23 452.48 271.03 -1 -1 -1 -1000 -1000 -1000 1.53 0.99989796
car -1 -1 -1 902.29 186.71 1240.30 370.26 -1 -1 -1 -1000 -1000 -1000 -1.53 0.99988759
car -1 -1 -1 705.15 178.10 791.18 239.77 -1 -1 -1 -1000 -1000 -1000 -1.61 0.99965572
car -1 -1 -1 412.55 184.83 499.18 238.98 -1 -1 -1 -1000 -1000 -1000 1.61 0.99906462
car -1 -1 -1 744.49 178.31 859.12 258.64 -1 -1 -1 -1000 -1000 -1000 -1.61 0.99898273
car -1 -1 -1 531.93 178.12 574.18 207.15 -1 -1 -1 -1000 -1000 -1000 1.53 0.99870825
car -1 -1 -1 466.69 184.83 526.09 227.11 -1 -1 -1 -1000 -1000 -1000 1.61 0.99825853
car -1 -1 -1 687.24 174.03 743.84 219.20 -1 -1 -1 -1000 -1000 -1000 -1.61 0.99802965
car -1 -1 -1 861.60 182.92 967.24 212.35 -1 -1 -1 -1000 -1000 -1000 -3.19 0.18939510
