car -1 -1 -1 0.00 215.39 227.71 374.00 -1 -1 -1 -1000 -1000 -1000 1.53 0.99995041
car -1 -1 -1 325.49 194.99 427.50 258.17 -1 -1 -1 -1000 -1000 -1000 1.61 0.99990225
car -1 -1 -1 922.43 133.03 1183.72 220.46 -1 -1 -1 -1000 -1000 -1000 3.10 0.99987984
car -1 -1 -1 170.11 201.94 348.22 303.90 -1 -1 -1 -1000 -1000 -1000 1.53 0.99979025
car -1 -1 -1 413.77 187.29 488.50 233.51 -1 -1 -1 -1000 -1000 -1000 1.61 0.99881411
car -1 -1 -1 666.67 179.64 760.60 218.78 -1 -1 -1 -1000 -1000 -1000 -1.44 0.99824995
car -1 -1 -1 493.33 182.83 529.71 208.88 -1 -1 -1 -1000 -1000 -1000 1.61 0.97529387
car -1 -1 -1 805.78 152.67 977.13 207.75 -1 -1 -1 -1000 -1000 -1000 2.49 0.96578550
car -1 -1 -1 594.44 177.35 616.23 192.11 -1 -1 -1 -1000 -1000 -1000 -1.70 0.92739880
car -1 -1 -1 645.14 175.74 693.55 205.27 -1 -1 -1 -1000 -1000 -1000 -1.53 0.90057969
car -1 -1 -1 462.94 186.10 512.27 218.45 -1 -1 -1 -1000 -1000 -1000 -3.19 0.26836035
car -1 -1 -1 518.53 181.98 547.33 203.45 -1 -1 -1 -1000 -1000 -1000 -3.19 0.10456137
