car -1 -1 -1 0.00 167.49 257.76 364.30 -1 -1 -1 -1000 -1000 -1000 0.04 0.99998379
car -1 -1 -1 683.33 180.68 799.02 261.76 -1 -1 -1 -1000 -1000 -1000 -1.53 0.99985969
car -1 -1 -1 738.20 173.69 931.69 240.48 -1 -1 -1 -1000 -1000 -1000 -0.13 0.99948066
car -1 -1 -1 407.07 169.47 518.17 205.92 -1 -1 -1 -1000 -1000 -1000 -3.10 0.99900985
car -1 -1 -1 165.98 165.02 344.08 255.83 -1 -1 -1 -1000 -1000 -1000 0.13 0.99803227
car -1 -1 -1 469.50 168.20 538.07 194.38 -1 -1 -1 -1000 -1000 -1000 -3.10 0.94910312
car -1 -1 -1 273.30 165.24 477.10 234.65 -1 -1 -1 -1000 -1000 -1000 -3.10 0.89832884
car -1 -1 -1 632.40 168.05 655.84 186.02 -1 -1 -1 -1000 -1000 -1000 -1.53 0.89319015
car -1 -1 -1 676.84 169.93 719.66 195.23 -1 -1 -1 -1000 -1000 -1000 -3.19 0.89253289
car -1 -1 -1 899.10 221.23 1089.35 352.91 -1 -1 -1 -1000 -1000 -1000 -3.19 0.05207056
