car -1 -1 -1 803.96 194.52 1240.68 374.00 -1 -1 -1 -1000 -1000 -1000 -1.53 0.99988639
car -1 -1 -1 3.67 145.94 281.30 363.00 -1 -1 -1 -1000 -1000 -1000 3.10 0.99986994
car -1 -1 -1 720.62 180.77 896.63 301.89 -1 -1 -1 -1000 -1000 -1000 -1.53 0.99986911
car -1 -1 -1 669.51 178.24 733.11 231.71 -1 -1 -1 -1000 -1000 -1000 -1.53 0.99940848
car -1 -1 -1 646.99 177.09 684.77 208.62 -1 -1 -1 -1000 -1000 -1000 -1.61 0.99916220
car -1 -1 -1 395.68 165.50 514.78 217.41 -1 -1 -1 -1000 -1000 -1000 -3.10 0.99808419
car -1 -1 -1 218.26 169.79 422.66 249.58 -1 -1 -1 -1000 -1000 -1000 -3.10 0.99494320
car -1 -1 -1 0.00 167.96 92.04 362.11 -1 -1 -1 -1000 -1000 -1000 3.10 0.98584104
car -1 -1 -1 458.72 168.37 531.11 203.48 -1 -1 -1 -1000 -1000 -1000 -3.10 0.96750236
car -1 -1 -1 501.02 170.86 548.87 195.69 -1 -1 -1 -1000 -1000 -1000 -3.10 0.92186517
car -1 -1 -1 139.70 166.50 316.35 277.64 -1 -1 -1 -1000 -1000 -1000 -3.19 0.68247557
