car -1 -1 -1 731.46 183.19 910.27 314.97 -1 -1 -1 -1000 -1000 -1000 -1.53 0.99989045
car -1 -1 -1 70.52 183.92 386.34 374.00 -1 -1 -1 -1000 -1000 -1000 1.61 0.99979836
car -1 -1 -1 678.22 178.98 774.26 250.99 -1 -1 -1 -1000 -1000 -1000 -1.53 0.99975461
car -1 -1 -1 437.66 180.27 503.36 231.69 -1 -1 -1 -1000 -1000 -1000 1.61 0.99961865
car -1 -1 -1 823.78 189.20 1241.00 367.10 -1 -1 -1 -1000 -1000 -1000 -1.61 0.99946326
car -1 -1 -1 649.30 174.15 722.90 230.00 -1 -1 -1 -1000 -1000 -1000 -1.61 0.99855715
car -1 -1 -1 629.81 178.55 677.07 219.30 -1 -1 -1 -1000 -1000 -1000 -1.61 0.98099625
car -1 -1 -1 474.29 180.81 518.68 220.32 -1 -1 -1 -1000 -1000 -1000 1.61 0.96604484
car -1 -1 -1 606.99 182.09 638.69 199.93 -1 -1 -1 -1000 -1000 -1000 -1.61 0.82301253
car -1 -1 -1 2.17 172.85 119.68 374.00 -1 -1 -1 -1000 -1000 -1000 -3.19 0.76808786
