car -1 -1 -1 966.60 182.36 1237.45 372.61 -1 -1 -1 -1000 -1000 -1000 -1.53 0.99988437
car -1 -1 -1 290.95 188.50 445.39 282.28 -1 -1 -1 -1000 -1000 -1000 1.61 0.99982810
car -1 -1 -1 814.08 187.11 1058.55 334.22 -1 -1 -1 -1000 -1000 -1000 -1.61 0.99981493
car -1 -1 -1 705.15 179.38 803.33 243.21 -1 -1 -1 -1000 -1000 -1000 -1.61 0.99979097
car -1 -1 -1 400.50 182.79 497.62 243.96 -1 -1 -1 -1000 -1000 -1000 1.61 0.99925786
car -1 -1 -1 689.22 175.10 743.16 220.50 -1 -1 -1 -1000 -1000 -1000 -1.61 0.99910706
car -1 -1 -1 529.09 173.51 569.76 200.60 -1 -1 -1 -1000 -1000 -1000 1.53 0.99637693
car -1 -1 -1 452.05 182.63 521.56 226.93 -1 -1 -1 -1000 -1000 -1000 1.61 0.99031329
car -1 -1 -1 742.89 187.88 885.80 263.51 -1 -1 -1 -1000 -1000 -1000 -1.53 0.98741895
car -1 -1 -1 998.77 176.80 1101.23 215.45 -1 -1 -1 -1000 -1000 -1000 -2.31 0.97418129
