car -1 -1 -1 0.00 201.87 195.47 374.00 -1 -1 -1 -1000 -1000 -1000 1.53 0.99995220
car -1 -1 -1 157.64 200.93 349.10 305.99 -1 -1 -1 -1000 -1000 -1000 1.61 0.99980456
car -1 -1 -1 840.56 146.75 1036.15 214.48 -1 -1 -1 -1000 -1000 -1000 2.92 0.99975914
car -1 -1 -1 381.18 187.22 456.93 244.00 -1 -1 -1 -1000 -1000 -1000 1.61 0.99974734
car -1 -1 -1 300.74 198.54 407.70 263.21 -1 -1 -1 -1000 -1000 -1000 1.61 0.99971682
car -1 -1 -1 1173.09 131.94 1241.00 181.68 -1 -1 -1 -1000 -1000 -1000 2.92 0.99921417
car -1 -1 -1 447.93 185.04 498.96 222.27 -1 -1 -1 -1000 -1000 -1000 1.61 0.99782938
car -1 -1 -1 653.00 175.80 716.88 211.86 -1 -1 -1 -1000 -1000 -1000 -1.53 0.99586111
car -1 -1 -1 759.87 153.00 939.60 198.11 -1 -1 -1 -1000 -1000 -1000 -3.19 0.57348692
car -1 -1 -1 599.73 178.15 617.42 193.93 -1 -1 -1 -1000 -1000 -1000 -3.19 0.11306402
