car -1 -1 -1 798.31 176.97 1068.24 339.33 -1 -1 -1 -1000 -1000 -1000 -1.53 0.99990857
car -1 -1 -1 745.55 185.33 887.84 264.96 -1 -1 -1 -1000 -1000 -1000 -1.61 0.99952137
car -1 -1 -1 716.38 180.02 807.07 240.62 -1 -1 -1 -1000 -1000 -1000 -1.61 0.99950159
car -1 -1 -1 404.85 186.88 500.01 244.23 -1 -1 -1 -1000 -1000 -1000 1.53 0.99944276
car -1 -1 -1 695.64 176.62 753.41 220.18 -1 -1 -1 -1000 -1000 -1000 -1.61 0.99857473
car -1 -1 -1 490.14 182.88 542.39 218.76 -1 -1 -1 -1000 -1000 -1000 1.61 0.99751991
car -1 -1 -1 551.25 179.07 582.86 206.36 -1 -1 -1 -1000 -1000 -1000 1.53 0.99751616
car -1 -1 -1 457.59 181.26 519.15 227.85 -1 -1 -1 -1000 -1000 -1000 1.61 0.99677414
car -1 -1 -1 998.53 174.94 1240.04 374.00 -1 -1 -1 -1000 -1000 -1000 -1.53 0.99437404
car -1 -1 -1 963.53 177.80 1029.51 203.57 -1 -1 -1 -1000 -1000 -1000 -3.19 0.94330662
