car -1 -1 -1 907.11 213.77 1241.00 374.00 -1 -1 -1 -1000 -1000 -1000 -1.61 0.99989700
car -1 -1 -1 758.62 189.11 1025.76 352.47 -1 -1 -1 -1000 -1000 -1000 -1.53 0.99967158
car -1 -1 -1 683.05 184.16 749.25 238.64 -1 -1 -1 -1000 -1000 -1000 -1.53 0.99949181
car -1 -1 -1 93.83 171.10 369.20 289.48 -1 -1 -1 -1000 -1000 -1000 -3.10 0.99922526
car -1 -1 -1 0.00 140.99 172.02 374.00 -1 -1 -1 -1000 -1000 -1000 -3.10 0.99909747
car -1 -1 -1 651.73 173.60 703.88 219.35 -1 -1 -1 -1000 -1000 -1000 -1.61 0.99879956
car -1 -1 -1 352.42 166.09 513.12 220.50 -1 -1 -1 -1000 -1000 -1000 -3.10 0.99829954
car -1 -1 -1 258.34 168.52 450.90 243.60 -1 -1 -1 -1000 -1000 -1000 0.04 0.99780160
car -1 -1 -1 639.55 173.35 673.56 203.62 -1 -1 -1 -1000 -1000 -1000 -1.61 0.99029529
car -1 -1 -1 449.02 175.70 523.81 210.76 -1 -1 -1 -1000 -1000 -1000 -3.10 0.98931879
car -1 -1 -1 493.95 176.69 542.67 200.19 -1 -1 -1 -1000 -1000 -1000 -3.19 0.82027030
