car -1 -1 -1 0.00 222.42 240.31 374.00 -1 -1 -1 -1000 -1000 -1000 1.53 0.99993777
car -1 -1 -1 622.83 205.36 892.68 369.16 -1 -1 -1 -1000 -1000 -1000 -1.61 0.99990082
car -1 -1 -1 557.97 205.77 699.29 293.81 -1 -1 -1 -1000 -1000 -1000 -1.61 0.99982798
car -1 -1 -1 176.55 218.09 303.01 301.57 -1 -1 -1 -1000 -1000 -1000 1.61 0.99970132
car -1 -1 -1 754.57 206.60 1238.28 374.00 -1 -1 -1 -1000 -1000 -1000 -1.53 0.99949837
car -1 -1 -1 510.54 188.47 614.48 266.40 -1 -1 -1 -1000 -1000 -1000 -1.53 0.99918395
car -1 -1 -1 468.85 199.39 518.76 238.15 -1 -1 -1 -1000 -1000 -1000 -1.53 0.99884331
car -1 -1 -1 288.82 197.75 356.94 254.25 -1 -1 -1 -1000 -1000 -1000 1.53 0.99716127
car -1 -1 -1 336.54 201.80 373.89 229.33 -1 -1 -1 -1000 -1000 -1000 -3.19 0.65910596
car -1 -1 -1 455.67 197.03 488.92 225.75 -1 -1 -1 -1000 -1000 -1000 -1.53 0.63533068
