car -1 -1 -1 866.60 170.00 978.91 237.81 -1 -1 -1 -1000 -1000 -1000 1.44 0.99948418
car -1 -1 -1 376.76 196.20 491.64 264.23 -1 -1 -1 -1000 -1000 -1000 -1.61 0.99880731
car -1 -1 -1 515.51 173.06 787.80 327.24 -1 -1 -1 -1000 -1000 -1000 -1.61 0.99799961
car -1 -1 -1 242.39 186.93 318.51 227.58 -1 -1 -1 -1000 -1000 -1000 -1.61 0.99744654
car -1 -1 -1 437.95 176.76 532.83 221.90 -1 -1 -1 -1000 -1000 -1000 -3.01 0.99410397
car -1 -1 -1 761.64 176.10 844.04 224.58 -1 -1 -1 -1000 -1000 -1000 1.35 0.98569703
car -1 -1 -1 18.73 186.08 107.68 222.93 -1 -1 -1 -1000 -1000 -1000 1.61 0.92785633
car -1 -1 -1 217.54 187.92 243.87 212.98 -1 -1 -1 -1000 -1000 -1000 -1.53 0.85680765
car -1 -1 -1 7.67 169.20 30.54 207.67 -1 -1 -1 -1000 -1000 -1000 -3.19 0.30071610
car -1 -1 -1 845.01 176.37 904.42 218.36 -1 -1 -1 -1000 -1000 -1000 -3.19 0.18106303
