car -1 -1 -1 228.61 176.77 415.60 314.25 -1 -1 -1 -1000 -1000 -1000 -1.53 0.99994099
car -1 -1 -1 0.00 190.46 189.71 306.65 -1 -1 -1 -1000 -1000 -1000 1.53 0.99989498
car -1 -1 -1 931.34 148.41 1240.00 375.00 -1 -1 -1 -1000 -1000 -1000 -1.61 0.99875998
car -1 -1 -1 438.23 186.76 507.39 231.95 -1 -1 -1 -1000 -1000 -1000 -1.53 0.99860305
car -1 -1 -1 640.00 181.21 665.22 204.57 -1 -1 -1 -1000 -1000 -1000 -1.53 0.99634212
car -1 -1 -1 498.92 184.88 536.66 219.00 -1 -1 -1 -1000 -1000 -1000 -1.53 0.99550325
car -1 -1 -1 417.72 183.61 457.67 215.91 -1 -1 -1 -1000 -1000 -1000 -1.53 0.97986734
car -1 -1 -1 596.76 183.87 636.55 217.81 -1 -1 -1 -1000 -1000 -1000 -1.53 0.97599846
car -1 -1 -1 187.00 167.16 315.21 252.40 -1 -1 -1 -1000 -1000 -1000 -0.74 0.97132629
car -1 -1 -1 287.13 177.64 408.32 219.04 -1 -1 -1 -1000 -1000 -1000 -3.19 0.78164750
