car -1 -1 -1 688.62 181.75 800.13 261.32 -1 -1 -1 -1000 -1000 -1000 -1.61 0.99997640
car -1 -1 -1 108.59 182.09 412.31 371.78 -1 -1 -1 -1000 -1000 -1000 -1.53 0.99985218
car -1 -1 -1 643.70 176.15 676.60 204.81 -1 -1 -1 -1000 -1000 -1000 -1.53 0.99904531
car -1 -1 -1 467.20 180.61 518.82 220.49 -1 -1 -1 -1000 -1000 -1000 1.53 0.99890316
car -1 -1 -1 5.53 189.46 134.85 314.03 -1 -1 -1 -1000 -1000 -1000 -1.18 0.99801958
car -1 -1 -1 347.41 183.99 479.11 267.62 -1 -1 -1 -1000 -1000 -1000 -1.53 0.99653023
car -1 -1 -1 506.64 182.77 541.60 206.85 -1 -1 -1 -1000 -1000 -1000 1.53 0.99359953
car -1 -1 -1 583.77 179.15 613.22 203.14 -1 -1 -1 -1000 -1000 -1000 -1.53 0.88287485
car -1 -1 -1 417.17 175.64 455.87 203.91 -1 -1 -1 -1000 -1000 -1000 -1.53 0.83737636
car -1 -1 -1 354.44 183.70 398.91 217.51 -1 -1 -1 -1000 -1000 -1000 1.53 0.79985249
