car -1 -1 -1 0.00 198.70 216.15 363.48 -1 -1 -1 -1000 -1000 -1000 3.10 0.99996483
car -1 -1 -1 864.75 181.70 1219.85 310.31 -1 -1 -1 -1000 -1000 -1000 -0.04 0.99995744
car -1 -1 -1 648.25 181.23 713.01 228.35 -1 -1 -1 -1000 -1000 -1000 -1.61 0.99842286
car -1 -1 -1 225.65 179.47 461.35 250.22 -1 -1 -1 -1000 -1000 -1000 0.04 0.99797446
car -1 -1 -1 548.30 173.98 578.73 197.99 -1 -1 -1 -1000 -1000 -1000 1.53 0.98866838
car -1 -1 -1 437.63 180.52 525.60 217.97 -1 -1 -1 -1000 -1000 -1000 2.75 0.97593063
car -1 -1 -1 111.24 188.84 331.72 287.08 -1 -1 -1 -1000 -1000 -1000 3.10 0.91435468
car -1 -1 -1 631.96 180.07 657.86 199.35 -1 -1 -1 -1000 -1000 -1000 -1.53 0.84998590
car -1 -1 -1 635.50 178.68 679.51 212.05 -1 -1 -1 -1000 -1000 -1000 -1.53 0.75997275
car -1 -1 -1 500.26 173.11 548.13 198.06 -1 -1 -1 -1000 -1000 -1000 -3.19 0.56088042
