car -1 -1 -1 0.77 174.09 144.14 362.87 -1 -1 -1 -1000 -1000 -1000 3.10 0.99986398
car -1 -1 -1 696.02 182.24 844.46 280.39 -1 -1 -1 -1000 -1000 -1000 -1.61 0.99986184
car -1 -1 -1 57.73 174.69 291.64 296.03 -1 -1 -1 -1000 -1000 -1000 3.10 0.99910140
car -1 -1 -1 760.20 177.60 949.94 236.62 -1 -1 -1 -1000 -1000 -1000 -0.13 0.99903691
car -1 -1 -1 405.96 170.94 522.99 213.90 -1 -1 -1 -1000 -1000 -1000 -3.10 0.99878448
car -1 -1 -1 174.55 167.02 439.14 256.29 -1 -1 -1 -1000 -1000 -1000 0.04 0.99355304
car -1 -1 -1 671.63 174.78 728.28 204.23 -1 -1 -1 -1000 -1000 -1000 -2.92 0.95059603
car -1 -1 -1 631.17 168.49 653.99 187.70 -1 -1 -1 -1000 -1000 -1000 -1.53 0.89957607
car -1 -1 -1 471.58 169.81 540.03 196.24 -1 -1 -1 -1000 -1000 -1000 -3.10 0.89096934
car -1 -1 -1 704.22 174.76 792.65 231.57 -1 -1 -1 -1000 -1000 -1000 -3.19 0.85356230
car -1 -1 -1 955.03 220.79 1190.99 366.42 -1 -1 -1 -1000 -1000 -1000 -3.19 0.16913049
