car -1 -1 -1 0.00 204.65 224.45 373.30 -1 -1 -1 -1000 -1000 -1000 1.53 0.99999535
car -1 -1 -1 763.20 183.06 1030.12 336.49 -1 -1 -1 -1000 -1000 -1000 -1.53 0.99990499
car -1 -1 -1 239.89 195.59 409.29 282.41 -1 -1 -1 -1000 -1000 -1000 1.61 0.99987340
car -1 -1 -1 727.18 184.24 837.57 266.96 -1 -1 -1 -1000 -1000 -1000 -1.53 0.99985194
car -1 -1 -1 1005.45 142.42 1241.00 275.17 -1 -1 -1 -1000 -1000 -1000 3.10 0.99914122
car -1 -1 -1 444.57 185.15 504.22 225.41 -1 -1 -1 -1000 -1000 -1000 1.61 0.99894661
car -1 -1 -1 361.76 186.51 456.61 240.88 -1 -1 -1 -1000 -1000 -1000 1.61 0.99894196
car -1 -1 -1 678.13 186.37 738.08 229.26 -1 -1 -1 -1000 -1000 -1000 1.53 0.99773431
car -1 -1 -1 499.88 180.41 540.82 205.52 -1 -1 -1 -1000 -1000 -1000 1.61 0.99706239
car -1 -1 -1 652.54 180.11 702.73 213.98 -1 -1 -1 -1000 -1000 -1000 -1.53 0.99304813
car -1 -1 -1 560.90 174.88 600.85 193.99 -1 -1 -1 -1000 -1000 -1000 -0.22 0.97151256
car -1 -1 -1 1216.47 133.96 1239.55 263.72 -1 -1 -1 -1000 -1000 -1000 0.04 0.84725344
