car -1 -1 -1 734.52 184.94 925.09 314.32 -1 -1 -1 -1000 -1000 -1000 -1.53 0.99997139
car -1 -1 -1 0.00 147.81 231.68 374.00 -1 -1 -1 -1000 -1000 -1000 3.10 0.99994957
car -1 -1 -1 829.55 185.89 1234.82 374.00 -1 -1 -1 -1000 -1000 -1000 -1.53 0.99990439
car -1 -1 -1 670.86 175.81 743.00 234.29 -1 -1 -1 -1000 -1000 -1000 -1.53 0.99908817
car -1 -1 -1 646.99 169.03 688.16 207.31 -1 -1 -1 -1000 -1000 -1000 -1.61 0.99800056
car -1 -1 -1 375.87 169.58 526.27 212.36 -1 -1 -1 -1000 -1000 -1000 -3.10 0.99734098
car -1 -1 -1 199.80 167.15 395.72 262.71 -1 -1 -1 -1000 -1000 -1000 -3.10 0.99558580
car -1 -1 -1 295.14 159.64 468.25 223.07 -1 -1 -1 -1000 -1000 -1000 0.04 0.99174970
car -1 -1 -1 499.27 171.13 549.20 194.98 -1 -1 -1 -1000 -1000 -1000 -3.10 0.97798198
car -1 -1 -1 461.50 167.51 522.92 200.17 -1 -1 -1 -1000 -1000 -1000 -3.10 0.77291608
car -1 -1 -1 102.85 180.94 322.61 295.70 -1 -1 -1 -1000 -1000 -1000 -3.19 0.18273892
