car -1 -1 -1 167.01 180.13 355.88 287.59 -1 -1 -1 -1000 -1000 -1000 1.61 0.99996018
car -1 -1 -1 899.85 183.05 1241.00 374.00 -1 -1 -1 -1000 -1000 -1000 -1.53 0.99982220
car -1 -1 -1 321.72 183.92 432.57 251.62 -1 -1 -1 -1000 -1000 -1000 1.61 0.99962759
car -1 -1 -1 0.00 225.62 83.81 371.09 -1 -1 -1 -1000 -1000 -1000 1.53 0.99913222
car -1 -1 -1 519.12 183.22 556.36 212.00 -1 -1 -1 -1000 -1000 -1000 1.53 0.99909890
car -1 -1 -1 696.25 164.58 774.99 192.11 -1 -1 -1 -1000 -1000 -1000 0.13 0.99907279
car -1 -1 -1 1085.63 150.92 1239.64 201.49 -1 -1 -1 -1000 -1000 -1000 0.04 0.99561262
car -1 -1 -1 626.22 174.04 654.61 194.12 -1 -1 -1 -1000 -1000 -1000 -1.53 0.99339747
car -1 -1 -1 415.80 183.96 487.36 221.75 -1 -1 -1 -1000 -1000 -1000 1.61 0.99323893
car -1 -1 -1 490.07 177.68 518.82 200.94 -1 -1 -1 -1000 -1000 -1000 1.53 0.97925687
car -1 -1 -1 540.76 179.67 565.59 200.24 -1 -1 -1 -1000 -1000 -1000 -3.19 0.34773156
