car -1 -1 -1 308.13 193.84 455.57 296.90 -1 -1 -1 -1000 -1000 -1000 1.61 0.99993896
car -1 -1 -1 919.27 203.30 1241.00 374.00 -1 -1 -1 -1000 -1000 -1000 -1.53 0.99993348
car -1 -1 -1 0.00 194.41 345.76 374.00 -1 -1 -1 -1000 -1000 -1000 1.53 0.99987042
car -1 -1 -1 781.09 186.07 1049.34 334.84 -1 -1 -1 -1000 -1000 -1000 -1.53 0.99985409
car -1 -1 -1 688.95 165.75 833.80 265.71 -1 -1 -1 -1000 -1000 -1000 -1.53 0.99975044
car -1 -1 -1 653.26 175.63 707.72 217.28 -1 -1 -1 -1000 -1000 -1000 -1.53 0.99953198
car -1 -1 -1 453.27 168.35 532.92 236.64 -1 -1 -1 -1000 -1000 -1000 1.61 0.99865746
car -1 -1 -1 633.92 177.68 668.13 205.53 -1 -1 -1 -1000 -1000 -1000 -1.61 0.97027159
car -1 -1 -1 514.72 169.09 554.86 202.16 -1 -1 -1 -1000 -1000 -1000 1.61 0.96713066
car -1 -1 -1 673.89 171.38 761.45 227.58 -1 -1 -1 -1000 -1000 -1000 -3.19 0.26851487
