car -1 -1 -1 428.11 191.87 559.84 266.31 -1 -1 -1 -1000 -1000 -1000 -1.61 0.99952793
car -1 -1 -1 308.48 188.60 378.05 229.90 -1 -1 -1 -1000 -1000 -1000 -1.61 0.99911743
car -1 -1 -1 570.64 153.43 882.24 340.38 -1 -1 -1 -1000 -1000 -1000 -1.61 0.99796021
car -1 -1 -1 951.02 167.84 1081.43 233.64 -1 -1 -1 -1000 -1000 -1000 0.74 0.99794847
car -1 -1 -1 3.21 192.24 67.86 318.07 -1 -1 -1 -1000 -1000 -1000 0.74 0.99703526
car -1 -1 -1 111.47 186.12 174.03 223.66 -1 -1 -1 -1000 -1000 -1000 1.61 0.99326563
car -1 -1 -1 488.48 170.57 599.52 219.76 -1 -1 -1 -1000 -1000 -1000 -0.39 0.99279082
car -1 -1 -1 283.82 179.28 310.85 201.10 -1 -1 -1 -1000 -1000 -1000 -1.53 0.98984933
car -1 -1 -1 794.82 171.25 942.92 233.74 -1 -1 -1 -1000 -1000 -1000 -3.19 0.89915770
car -1 -1 -1 1025.46 164.71 1237.39 216.62 -1 -1 -1 -1000 -1000 -1000 -3.19 0.54524106
