car -1 -1 -1 0.00 213.80 251.77 374.00 -1 -1 -1 -1000 -1000 -1000 1.53 0.99999261
car -1 -1 -1 774.30 171.28 1227.35 368.68 -1 -1 -1 -1000 -1000 -1000 -1.61 0.99991035
car -1 -1 -1 276.91 178.75 411.48 261.89 -1 -1 -1 -1000 -1000 -1000 1.61 0.99982244
car -1 -1 -1 371.32 173.41 464.69 244.23 -1 -1 -1 -1000 -1000 -1000 1.61 0.99958855
car -1 -1 -1 534.89 175.52 567.69 201.33 -1 -1 -1 -1000 -1000 -1000 1.53 0.99834812
car -1 -1 -1 425.07 181.45 498.55 219.36 -1 -1 -1 -1000 -1000 -1000 1.61 0.99816149
car -1 -1 -1 691.41 165.65 769.44 192.03 -1 -1 -1 -1000 -1000 -1000 -3.01 0.99728787
car -1 -1 -1 504.44 181.72 538.93 203.71 -1 -1 -1 -1000 -1000 -1000 1.61 0.95006949
car -1 -1 -1 633.63 174.63 657.70 193.37 -1 -1 -1 -1000 -1000 -1000 -1.53 0.90302777
car -1 -1 -1 1.46 73.81 76.81 148.91 -1 -1 -1 -1000 -1000 -1000 -3.19 0.27165115
