car -1 -1 -1 681.91 174.61 781.48 243.10 -1 -1 -1 -1000 -1000 -1000 -1.53 0.99988925
car -1 -1 -1 233.96 200.69 381.62 277.25 -1 -1 -1 -1000 -1000 -1000 1.61 0.99987531
car -1 -1 -1 342.78 192.52 444.22 250.14 -1 -1 -1 -1000 -1000 -1000 1.61 0.99941468
car -1 -1 -1 428.27 176.49 488.94 225.20 -1 -1 -1 -1000 -1000 -1000 1.61 0.99929488
car -1 -1 -1 485.21 181.90 527.03 210.43 -1 -1 -1 -1000 -1000 -1000 1.61 0.99053836
car -1 -1 -1 459.40 175.74 506.92 211.65 -1 -1 -1 -1000 -1000 -1000 1.61 0.98967129
car -1 -1 -1 525.34 175.71 549.47 195.70 -1 -1 -1 -1000 -1000 -1000 1.61 0.93693608
car -1 -1 -1 563.35 178.96 586.40 197.19 -1 -1 -1 -1000 -1000 -1000 -3.19 0.71952403
car -1 -1 -1 628.87 174.23 652.20 193.03 -1 -1 -1 -1000 -1000 -1000 -3.19 0.16932200
car -1 -1 -1 765.66 166.56 826.34 187.98 -1 -1 -1 -1000 -1000 -1000 -3.19 0.12868628
