car -1 -1 -1 739.42 183.26 968.55 340.73 -1 -1 -1 -1000 -1000 -1000 -1.53 0.99995506
car -1 -1 -1 0.00 180.62 122.99 363.81 -1 -1 -1 -1000 -1000 -1000 3.10 0.99963784
car -1 -1 -1 330.25 159.85 506.71 220.20 -1 -1 -1 -1000 -1000 -1000 -3.10 0.99798030
car -1 -1 -1 62.81 172.99 375.50 286.67 -1 -1 -1 -1000 -1000 -1000 0.04 0.99643350
car -1 -1 -1 719.19 176.35 825.58 219.42 -1 -1 -1 -1000 -1000 -1000 -0.83 0.99425703
car -1 -1 -1 835.85 185.74 1038.56 271.07 -1 -1 -1 -1000 -1000 -1000 -0.13 0.99199331
car -1 -1 -1 439.43 170.42 537.75 204.12 -1 -1 -1 -1000 -1000 -1000 0.04 0.98517263
car -1 -1 -1 678.61 174.79 754.45 203.60 -1 -1 -1 -1000 -1000 -1000 0.13 0.98388541
car -1 -1 -1 633.69 171.98 658.92 194.14 -1 -1 -1 -1000 -1000 -1000 -1.53 0.90739918
car -1 -1 -1 222.13 167.43 449.59 248.98 -1 -1 -1 -1000 -1000 -1000 -3.10 0.72399884
