car -1 -1 -1 0.00 209.98 327.08 374.00 -1 -1 -1 -1000 -1000 -1000 1.53 0.99996197
car -1 -1 -1 671.57 198.31 829.85 304.64 -1 -1 -1 -1000 -1000 -1000 -1.53 0.99988282
car -1 -1 -1 756.25 203.29 1118.11 374.00 -1 -1 -1 -1000 -1000 -1000 -1.61 0.99986398
car -1 -1 -1 265.17 199.56 406.99 293.83 -1 -1 -1 -1000 -1000 -1000 1.61 0.99978620
car -1 -1 -1 600.16 182.27 705.06 253.13 -1 -1 -1 -1000 -1000 -1000 -1.44 0.99949169
car -1 -1 -1 392.33 183.87 450.86 239.45 -1 -1 -1 -1000 -1000 -1000 1.61 0.99481744
car -1 -1 -1 565.72 181.33 624.76 225.31 -1 -1 -1 -1000 -1000 -1000 -1.53 0.99359590
car -1 -1 -1 1016.26 210.01 1237.10 372.00 -1 -1 -1 -1000 -1000 -1000 -1.53 0.98979110
car -1 -1 -1 449.09 187.06 479.35 212.55 -1 -1 -1 -1000 -1000 -1000 1.53 0.94284046
car -1 -1 -1 550.75 186.11 584.62 213.15 -1 -1 -1 -1000 -1000 -1000 -1.53 0.92613810
car -1 -1 -1 425.44 182.83 472.40 225.26 -1 -1 -1 -1000 -1000 -1000 -3.19 0.06271735
