car -1 -1 -1 0.00 220.11 127.07 374.00 -1 -1 -1 -1000 -1000 -1000 1.53 0.99992645
car -1 -1 -1 273.86 193.60 409.89 264.77 -1 -1 -1 -1000 -1000 -1000 1.61 0.99988270
car -1 -1 -1 61.15 206.65 309.58 344.78 -1 -1 -1 -1000 -1000 -1000 1.53 0.99985993
car -1 -1 -1 986.01 135.68 1241.00 236.74 -1 -1 -1 -1000 -1000 -1000 3.10 0.99982589
car -1 -1 -1 690.75 170.37 794.80 231.79 -1 -1 -1 -1000 -1000 -1000 -1.44 0.99851924
car -1 -1 -1 387.57 186.64 470.29 237.99 -1 -1 -1 -1000 -1000 -1000 1.61 0.99840695
car -1 -1 -1 485.22 183.72 529.53 216.91 -1 -1 -1 -1000 -1000 -1000 1.61 0.99417865
car -1 -1 -1 439.68 187.43 497.31 229.47 -1 -1 -1 -1000 -1000 -1000 1.61 0.99360979
car -1 -1 -1 590.37 177.58 616.15 193.59 -1 -1 -1 -1000 -1000 -1000 -1.70 0.98940212
car -1 -1 -1 817.08 151.43 995.56 213.06 -1 -1 -1 -1000 -1000 -1000 2.49 0.98593640
car -1 -1 -1 651.54 181.06 716.78 214.32 -1 -1 -1 -1000 -1000 -1000 -1.53 0.94713360
car -1 -1 -1 517.41 180.68 549.45 203.47 -1 -1 -1 -1000 -1000 -1000 1.61 0.92074639
