car -1 -1 -1 746.49 174.34 966.67 324.71 -1 -1 -1 -1000 -1000 -1000 -1.53 0.99998939
car -1 -1 -1 0.30 220.78 140.40 374.00 -1 -1 -1 -1000 -1000 -1000 1.53 0.99990976
car -1 -1 -1 110.22 206.31 343.15 310.40 -1 -1 -1 -1000 -1000 -1000 1.61 0.99967694
car -1 -1 -1 339.66 169.47 451.34 242.36 -1 -1 -1 -1000 -1000 -1000 1.53 0.99929988
car -1 -1 -1 461.38 178.09 507.46 215.26 -1 -1 -1 -1000 -1000 -1000 1.61 0.99763191
car -1 -1 -1 413.32 176.41 472.91 228.32 -1 -1 -1 -1000 -1000 -1000 1.61 0.99708837
car -1 -1 -1 540.97 172.41 577.50 200.55 -1 -1 -1 -1000 -1000 -1000 1.61 0.99079061
car -1 -1 -1 514.53 178.98 543.31 201.36 -1 -1 -1 -1000 -1000 -1000 1.61 0.98896176
car -1 -1 -1 696.69 166.48 757.79 189.96 -1 -1 -1 -1000 -1000 -1000 -3.19 0.94603270
car -1 -1 -1 635.77 178.66 658.26 199.16 -1 -1 -1 -1000 -1000 -1000 -1.53 0.92517889
car -1 -1 -1 888.74 159.71 1009.35 198.24 -1 -1 -1 -1000 -1000 -1000 -3.19 0.87589836
