car -1 -1 -1 0.00 199.43 338.26 374.00 -1 -1 -1 -1000 -1000 -1000 1.53 0.99994230
car -1 -1 -1 265.54 195.99 463.29 313.78 -1 -1 -1 -1000 -1000 -1000 1.61 0.99980456
car -1 -1 -1 720.51 173.18 873.95 277.70 -1 -1 -1 -1000 -1000 -1000 -1.53 0.99976474
car -1 -1 -1 816.24 199.50 1135.00 358.15 -1 -1 -1 -1000 -1000 -1000 -1.53 0.99974149
car -1 -1 -1 1008.53 208.14 1241.00 373.26 -1 -1 -1 -1000 -1000 -1000 -1.53 0.99898547
car -1 -1 -1 669.15 175.63 725.51 222.07 -1 -1 -1 -1000 -1000 -1000 -1.53 0.99889648
car -1 -1 -1 463.22 170.65 546.09 238.59 -1 -1 -1 -1000 -1000 -1000 1.53 0.99808478
car -1 -1 -1 688.70 174.46 787.01 244.86 -1 -1 -1 -1000 -1000 -1000 -1.53 0.99451739
car -1 -1 -1 647.25 182.94 681.72 210.29 -1 -1 -1 -1000 -1000 -1000 -1.61 0.98308891
car -1 -1 -1 534.31 170.57 572.70 201.66 -1 -1 -1 -1000 -1000 -1000 1.61 0.93741602
