car -1 -1 -1 0.00 202.95 342.36 374.00 -1 -1 -1 -1000 -1000 -1000 1.61 0.99995625
car -1 -1 -1 279.02 194.63 460.10 297.32 -1 -1 -1 -1000 -1000 -1000 1.53 0.99995100
car -1 -1 -1 803.14 160.35 991.03 231.73 -1 -1 -1 -1000 -1000 -1000 0.04 0.99964392
car -1 -1 -1 655.97 181.47 708.17 222.52 -1 -1 -1 -1000 -1000 -1000 -1.53 0.99799287
car -1 -1 -1 747.77 166.85 887.82 212.56 -1 -1 -1 -1000 -1000 -1000 -3.10 0.99774617
car -1 -1 -1 485.59 184.80 519.60 213.59 -1 -1 -1 -1000 -1000 -1000 1.61 0.99691087
car -1 -1 -1 433.48 190.66 493.04 225.32 -1 -1 -1 -1000 -1000 -1000 -1.27 0.99683774
car -1 -1 -1 979.62 153.48 1093.23 191.16 -1 -1 -1 -1000 -1000 -1000 2.57 0.98711944
car -1 -1 -1 927.58 165.71 1001.98 199.71 -1 -1 -1 -1000 -1000 -1000 -3.10 0.92598015
car -1 -1 -1 833.98 159.00 928.14 191.42 -1 -1 -1 -1000 -1000 -1000 -3.19 0.31971210
