car -1 -1 -1 718.69 177.36 884.41 294.55 -1 -1 -1 -1000 -1000 -1000 1.53 0.99995458
car -1 -1 -1 438.86 181.62 538.25 250.29 -1 -1 -1 -1000 -1000 -1000 1.61 0.99983907
car -1 -1 -1 0.09 227.90 115.35 374.00 -1 -1 -1 -1000 -1000 -1000 1.53 0.99955505
car -1 -1 -1 665.81 180.84 723.46 228.45 -1 -1 -1 -1000 -1000 -1000 -1.53 0.99877018
car -1 -1 -1 687.77 184.88 767.05 244.42 -1 -1 -1 -1000 -1000 -1000 -1.53 0.99737036
car -1 -1 -1 530.58 180.75 574.10 213.47 -1 -1 -1 -1000 -1000 -1000 1.61 0.97547692
car -1 -1 -1 644.82 172.31 671.03 194.71 -1 -1 -1 -1000 -1000 -1000 -1.53 0.89095032
car -1 -1 -1 651.79 174.03 693.76 207.75 -1 -1 -1 -1000 -1000 -1000 -3.19 0.51777166
car -1 -1 -1 584.61 172.81 603.48 188.09 -1 -1 -1 -1000 -1000 -1000 -3.19 0.48214820
car -1 -1 -1 575.18 174.16 593.27 191.55 -1 -1 -1 -1000 -1000 -1000 -3.19 0.10352243
