car -1 -1 -1 0.00 163.55 240.27 368.73 -1 -1 -1 -1000 -1000 -1000 3.10 0.99983275
car -1 -1 -1 304.18 179.63 442.39 229.80 -1 -1 -1 -1000 -1000 -1000 -3.10 0.99943930
car -1 -1 -1 642.92 173.91 676.00 205.12 -1 -1 -1 -1000 -1000 -1000 -1.53 0.99131435
car -1 -1 -1 374.19 177.09 505.87 219.15 -1 -1 -1 -1000 -1000 -1000 -3.10 0.98846728
car -1 -1 -1 450.42 170.26 540.01 208.62 -1 -1 -1 -1000 -1000 -1000 0.04 0.96190721
car -1 -1 -1 736.24 173.47 880.70 299.66 -1 -1 -1 -1000 -1000 -1000 -1.53 0.95397657
car -1 -1 -1 669.92 151.22 750.77 241.39 -1 -1 -1 -1000 -1000 -1000 -1.53 0.88840508
car -1 -1 -1 630.52 173.94 653.77 193.84 -1 -1 -1 -1000 -1000 -1000 -3.19 0.74302828
car -1 -1 -1 814.01 168.75 1221.60 360.34 -1 -1 -1 -1000 -1000 -1000 -3.19 0.66842902
car -1 -1 -1 650.51 166.36 705.82 214.26 -1 -1 -1 -1000 -1000 -1000 -3.19 0.12034656
