car -1 -1 -1 0.00 212.08 247.54 374.00 -1 -1 -1 -1000 -1000 -1000 1.53 0.99999714
car -1 -1 -1 722.53 177.03 891.85 290.95 -1 -1 -1 -1000 -1000 -1000 -1.61 0.99997067
car -1 -1 -1 205.18 198.91 380.93 290.66 -1 -1 -1 -1000 -1000 -1000 1.61 0.99995112
car -1 -1 -1 376.56 178.19 459.82 238.53 -1 -1 -1 -1000 -1000 -1000 1.53 0.99978060
car -1 -1 -1 437.35 177.03 495.60 220.01 -1 -1 -1 -1000 -1000 -1000 1.61 0.99812990
car -1 -1 -1 469.56 180.62 524.77 217.31 -1 -1 -1 -1000 -1000 -1000 -1.53 0.99785501
car -1 -1 -1 553.99 175.71 582.93 197.00 -1 -1 -1 -1000 -1000 -1000 1.53 0.99089569
car -1 -1 -1 523.65 178.92 549.60 199.84 -1 -1 -1 -1000 -1000 -1000 -1.53 0.98525816
car -1 -1 -1 688.78 168.24 761.16 193.28 -1 -1 -1 -1000 -1000 -1000 -3.19 0.93681890
car -1 -1 -1 636.35 173.82 657.37 191.08 -1 -1 -1 -1000 -1000 -1000 -3.19 0.11649159
car -1 -1 -1 720.07 180.50 784.57 250.65 -1 -1 -1 -1000 -1000 -1000 -3.19 0.06812035
