car -1 -1 -1 291.68 199.49 410.26 265.40 -1 -1 -1 -1000 -1000 -1000 1.61 0.99991310
car -1 -1 -1 679.81 177.81 761.49 237.15 -1 -1 -1 -1000 -1000 -1000 -1.53 0.99956459
car -1 -1 -1 374.19 194.26 457.58 243.20 -1 -1 -1 -1000 -1000 -1000 1.61 0.99939108
car -1 -1 -1 441.08 180.86 494.89 223.85 -1 -1 -1 -1000 -1000 -1000 1.61 0.99889791
car -1 -1 -1 482.76 183.19 528.69 215.51 -1 -1 -1 -1000 -1000 -1000 1.61 0.99171078
car -1 -1 -1 525.38 182.22 550.81 203.41 -1 -1 -1 -1000 -1000 -1000 1.53 0.97966230
car -1 -1 -1 559.59 182.40 583.27 199.12 -1 -1 -1 -1000 -1000 -1000 -3.19 0.21571678
car -1 -1 -1 730.11 166.99 791.20 185.37 -1 -1 -1 -1000 -1000 -1000 -3.19 0.16445528
car -1 -1 -1 1146.22 148.74 1234.71 184.78 -1 -1 -1 -1000 -1000 -1000 -3.19 0.15523197
car -1 -1 -1 535.55 189.10 560.00 209.93 -1 -1 -1 -1000 -1000 -1000 -3.19 0.09756626
car -1 -1 -1 562.65 174.07 584.81 190.31 -1 -1 -1 -1000 -1000 -1000 -3.19 0.08172917
