car -1 -1 -1 396.12 181.61 534.60 268.96 -1 -1 -1 -1000 -1000 -1000 1.61 0.99995458
car -1 -1 -1 774.23 179.73 1046.96 363.18 -1 -1 -1 -1000 -1000 -1000 -1.53 0.99991405
car -1 -1 -1 681.05 184.72 743.64 240.47 -1 -1 -1 -1000 -1000 -1000 -1.53 0.99936539
car -1 -1 -1 700.40 182.08 824.05 263.08 -1 -1 -1 -1000 -1000 -1000 -1.61 0.99912995
car -1 -1 -1 479.80 184.29 545.28 231.87 -1 -1 -1 -1000 -1000 -1000 1.61 0.99265242
car -1 -1 -1 515.09 182.39 562.00 218.54 -1 -1 -1 -1000 -1000 -1000 1.61 0.98414129
car -1 -1 -1 645.02 172.48 678.33 197.67 -1 -1 -1 -1000 -1000 -1000 -1.53 0.93884885
car -1 -1 -1 665.52 184.59 714.26 218.87 -1 -1 -1 -1000 -1000 -1000 -1.53 0.92136449
car -1 -1 -1 543.91 182.78 573.27 211.17 -1 -1 -1 -1000 -1000 -1000 1.61 0.91948152
car -1 -1 -1 588.54 178.06 607.53 192.42 -1 -1 -1 -1000 -1000 -1000 -3.19 0.18046559
