car -1 -1 -1 763.88 182.67 1026.21 337.93 -1 -1 -1 -1000 -1000 -1000 -1.53 0.99995029
car -1 -1 -1 0.00 207.60 298.26 366.16 -1 -1 -1 -1000 -1000 -1000 1.61 0.99991786
car -1 -1 -1 253.04 191.04 405.34 280.43 -1 -1 -1 -1000 -1000 -1000 1.61 0.99989974
car -1 -1 -1 923.47 197.70 1239.31 374.00 -1 -1 -1 -1000 -1000 -1000 -1.61 0.99939990
car -1 -1 -1 707.81 188.20 790.50 249.19 -1 -1 -1 -1000 -1000 -1000 -1.44 0.99854374
car -1 -1 -1 683.20 182.60 745.66 228.71 -1 -1 -1 -1000 -1000 -1000 -1.53 0.99845064
car -1 -1 -1 488.84 180.07 529.41 209.36 -1 -1 -1 -1000 -1000 -1000 1.61 0.99827969
car -1 -1 -1 660.29 180.35 704.69 215.48 -1 -1 -1 -1000 -1000 -1000 -1.53 0.99818927
car -1 -1 -1 400.08 181.54 485.09 234.69 -1 -1 -1 -1000 -1000 -1000 1.61 0.99802631
car -1 -1 -1 533.01 175.84 574.34 195.70 -1 -1 -1 -1000 -1000 -1000 -3.19 0.26415163
