car -1 -1 -1 0.90 214.69 250.39 374.00 -1 -1 -1 -1000 -1000 -1000 1.53 0.99999177
car -1 -1 -1 1063.15 135.36 1235.51 241.71 -1 -1 -1 -1000 -1000 -1000 2.57 0.99989724
car -1 -1 -1 218.45 200.25 384.17 281.00 -1 -1 -1 -1000 -1000 -1000 1.61 0.99986637
car -1 -1 -1 365.77 190.85 458.20 246.53 -1 -1 -1 -1000 -1000 -1000 1.61 0.99971193
car -1 -1 -1 676.38 180.74 762.35 225.84 -1 -1 -1 -1000 -1000 -1000 -1.44 0.99911541
car -1 -1 -1 710.89 177.58 819.34 248.04 -1 -1 -1 -1000 -1000 -1000 -1.44 0.99880719
car -1 -1 -1 855.70 152.39 1046.51 216.34 -1 -1 -1 -1000 -1000 -1000 2.92 0.99830472
car -1 -1 -1 485.24 183.67 529.15 216.72 -1 -1 -1 -1000 -1000 -1000 1.61 0.99737906
car -1 -1 -1 434.77 186.92 490.08 233.66 -1 -1 -1 -1000 -1000 -1000 1.61 0.99071455
car -1 -1 -1 644.29 178.40 682.91 205.82 -1 -1 -1 -1000 -1000 -1000 -1.53 0.98940617
car -1 -1 -1 585.10 177.16 615.05 193.09 -1 -1 -1 -1000 -1000 -1000 -1.70 0.97101182
car -1 -1 -1 518.03 182.83 549.35 204.31 -1 -1 -1 -1000 -1000 -1000 1.61 0.95510089
