car -1 -1 -1 0.00 217.44 168.02 374.00 -1 -1 -1 -1000 -1000 -1000 1.53 0.99997401
car -1 -1 -1 214.14 196.55 387.31 285.49 -1 -1 -1 -1000 -1000 -1000 1.61 0.99988496
car -1 -1 -1 730.01 183.17 869.04 273.76 -1 -1 -1 -1000 -1000 -1000 -1.53 0.99986100
car -1 -1 -1 343.89 189.98 446.12 253.26 -1 -1 -1 -1000 -1000 -1000 1.61 0.99952936
car -1 -1 -1 785.46 188.11 1105.34 358.94 -1 -1 -1 -1000 -1000 -1000 -1.53 0.99942040
car -1 -1 -1 438.08 184.24 503.61 226.16 -1 -1 -1 -1000 -1000 -1000 1.61 0.99922752
car -1 -1 -1 681.20 182.23 750.12 233.37 -1 -1 -1 -1000 -1000 -1000 1.53 0.99904913
car -1 -1 -1 500.85 182.29 535.69 207.16 -1 -1 -1 -1000 -1000 -1000 1.61 0.99709141
car -1 -1 -1 1063.08 137.71 1241.00 285.25 -1 -1 -1 -1000 -1000 -1000 3.10 0.99634618
car -1 -1 -1 652.93 178.29 703.31 214.49 -1 -1 -1 -1000 -1000 -1000 -1.53 0.99258947
car -1 -1 -1 561.58 175.27 596.69 193.89 -1 -1 -1 -1000 -1000 -1000 1.79 0.98906261
car -1 -1 -1 1198.31 144.99 1234.12 269.30 -1 -1 -1 -1000 -1000 -1000 -3.19 0.22153287
