car -1 -1 -1 239.75 183.16 488.92 336.04 -1 -1 -1 -1000 -1000 -1000 1.61 0.99997807
car -1 -1 -1 898.90 173.17 1241.00 360.86 -1 -1 -1 -1000 -1000 -1000 -1.53 0.99985218
car -1 -1 -1 694.08 192.32 788.75 265.19 -1 -1 -1 -1000 -1000 -1000 -1.53 0.99974936
car -1 -1 -1 728.35 188.26 982.61 339.11 -1 -1 -1 -1000 -1000 -1000 -1.61 0.99953043
car -1 -1 -1 419.02 179.52 513.47 261.73 -1 -1 -1 -1000 -1000 -1000 1.53 0.99930525
car -1 -1 -1 664.14 183.09 713.33 221.15 -1 -1 -1 -1000 -1000 -1000 -1.53 0.99759704
car -1 -1 -1 575.76 172.38 594.08 187.40 -1 -1 -1 -1000 -1000 -1000 -3.19 0.98365384
car -1 -1 -1 489.49 179.13 553.25 223.75 -1 -1 -1 -1000 -1000 -1000 1.61 0.98084521
car -1 -1 -1 534.62 174.67 568.92 209.02 -1 -1 -1 -1000 -1000 -1000 1.61 0.97662705
car -1 -1 -1 646.77 172.82 676.39 198.14 -1 -1 -1 -1000 -1000 -1000 -1.53 0.94804376
