car -1 -1 -1 739.26 188.62 857.35 262.14 -1 -1 -1 -1000 -1000 -1000 -1.61 0.99914956
car -1 -1 -1 784.08 192.70 1006.05 321.36 -1 -1 -1 -1000 -1000 -1000 -1.61 0.99872762
car -1 -1 -1 506.43 184.52 558.27 221.16 -1 -1 -1 -1000 -1000 -1000 1.61 0.99717075
car -1 -1 -1 690.05 177.74 743.33 219.92 -1 -1 -1 -1000 -1000 -1000 -1.61 0.99697399
car -1 -1 -1 716.23 182.72 779.59 233.14 -1 -1 -1 -1000 -1000 -1000 -1.61 0.99644023
car -1 -1 -1 886.18 165.47 1241.00 374.00 -1 -1 -1 -1000 -1000 -1000 -1.61 0.99412495
car -1 -1 -1 568.79 181.76 599.74 203.59 -1 -1 -1 -1000 -1000 -1000 1.53 0.99307716
car -1 -1 -1 467.32 185.55 535.34 230.79 -1 -1 -1 -1000 -1000 -1000 1.53 0.99133545
car -1 -1 -1 668.85 179.99 693.21 197.70 -1 -1 -1 -1000 -1000 -1000 -3.19 0.39745358
car -1 -1 -1 678.90 183.87 708.50 208.15 -1 -1 -1 -1000 -1000 -1000 -3.19 0.07991651
